2 0.455651 0.225391 0.195779 0.0504325 0.0423647 0.0168285 0.00798054 0.00205785 0.000542753 0.00297303 
3 0.456037 0.224871 0.195913 0.0504318 0.0423647 0.0168285 0.00798054 0.00205785 0.000542753 0.00297303 
4 0.0178512 0.982081 3.76807e-05 1.95778e-06 2.84303e-05 0 0 0 0 0 
5 0.970178 0.0256386 0.00394432 9.88546e-05 8.00772e-05 2.37283e-05 1.23307e-05 4.41103e-06 0 2.0094e-05 
6 0.534786 0.271695 0.12161 0.0453129 0.0139981 0.00505235 0.00224366 0.00174778 0.00156566 0.00198854 
7 0.976717 0.0221154 0.000986936 6.7438e-05 6.43881e-05 1.90794e-05 9.91479e-06 3.54681e-06 0 1.61571e-05 
8 0.554519 0.323846 0.0728027 0.0306988 0.00954417 0.00344478 0.00152977 0.00119167 0.00106749 0.00135582 
9 0.53953 0.349258 0.0766393 0.00640221 0.0141712 0.0114564 0.00148188 0 0.000707755 0.000353875 
10 0.587004 0.283397 0.0773426 0.0286972 0.0161194 0.00298367 0.001325 0.00103216 0.000924601 0.00117434 
11 0.5897 0.147192 0.143068 0.0647705 0.0284903 0.0139733 0.00815331 0.00208052 0.00127907 0.00129348 
12 0.825358 0.0911018 0.0820642 0.000551368 0.000526433 0.000155992 8.10627e-05 2.89985e-05 0 0.000132099 
13 0.648125 0.181693 0.132009 0.00979301 0.01846 0.0060482 0.00224751 0 0.00108245 0.00054122 
14 0.408461 0.118372 0.271069 0.0828876 0.0933401 0.0106312 0.0116328 0.0013857 0.00222086 0 
15 0.479052 0.236431 0.11226 0.0548052 0.0728519 0.0129313 0.0262968 0.000552677 0.00178241 0.00303687 
16 0.964293 0.0294577 0.00194667 0.00203473 0.000117232 0.000378743 0.0012833 0.00045906 0 2.9416e-05 
17 0.985278 0.0132346 0.000756002 0.000188101 0.000325923 0.000157733 2.00729e-05 3.99082e-05 0 0 
18 0.878723 0.0944692 0.0130123 0.00572794 0.00342955 0.00316575 0.000937002 0.000239099 0.000146995 0.00014865 
19 0.982682 0.0161027 0.00103799 6.62378e-05 6.32422e-05 1.87398e-05 9.73834e-06 3.48368e-06 0 1.58696e-05 
20 0.571974 0.199107 0.137275 0.0435519 0.0247903 0.0121586 0.00709444 0.00181032 0.00111296 0.00112549 
21 0.503384 0.306771 0.110851 0.0496597 0.0154391 0.00557244 0.00247462 0.0019277 0.00172683 0.00219325 
22 0.647902 0.189326 0.12284 0.0102435 0.019312 0.00632735 0.00235124 0 0.00113241 0.000566199 
23 0.820763 0.0769955 0.101157 0.000405087 0.000386767 0.000114606 5.95563e-05 2.1305e-05 0 9.70527e-05 
24 0.766636 0.228023 0.00451506 0.000308538 0.000294584 8.72908e-05 4.53615e-05 1.62271e-05 0 7.39209e-05 
25 0.333371 0.120973 0.306504 0.097933 0.110572 0.0125939 0.0137804 0.00164152 0.00263086 0 
26 0.455372 0.247178 0.13229 0.0575205 0.0761634 0.0126867 0.013175 0.000575827 0.00186343 0.00317491 
27 0.542473 0.457398 7.19593e-05 3.7166e-06 5.39713e-05 0 0 0 0 0 
28 0.464558 0.236437 0.127733 0.0682974 0.0728675 0.0121351 0.0126022 0.000550791 0.00178241 0.00303687 
29 0.808301 0.0512733 0.139808 0.000230922 0.000220367 6.5299e-05 3.39332e-05 1.21389e-05 0 5.52974e-05 
30 0.607845 0.151717 0.132092 0.0513752 0.029367 0.0144032 0.00840418 0.00214454 0.00131843 0.00133328 
31 0.897967 0.0825059 0.00992253 0.00246883 0.00427775 0.00207025 0.000263457 0.000523795 4.97463e-07 0 
32 0.526617 0.283483 0.10726 0.0519518 0.0161517 0.00582963 0.00258884 0.00201667 0.00180653 0.00229447 
33 0.827373 0.172482 8.07392e-05 4.13128e-06 5.99932e-05 0 0 0 0 0 
34 0.598635 0.164569 0.13009 0.0505981 0.028922 0.014185 0.00827684 0.00211205 0.00129845 0.00131308 
35 0.778759 0.213307 0.00670755 0.00045806 0.000437345 0.000129593 6.73444e-05 2.4091e-05 0 0.000109744 
36 0.658412 0.183674 0.104247 0.0100026 0.033596 0.00613848 0.00228105 0 0.0010986 0.000549298 
37 0.345848 0.216409 0.153503 0.194966 0.0333199 0.0178179 0.0292936 0 0 0.00884296 
38 0.333371 0.136358 0.291119 0.097933 0.110572 0.0125939 0.0137804 0.00164152 0.00263086 0 
39 0.383648 0.615375 0.000550704 2.74271e-05 0.000398288 0 0 0 0 0 
40 0.459692 0.24745 0.166125 0.0600476 0.0388343 0.0154262 0.0073155 0.00188636 0.000497523 0.00272528 
41 0.647902 0.189326 0.122839 0.0102435 0.019312 0.00632735 0.00235124 0 0.00113241 0.000566199 
42 0.608799 0.166146 0.116709 0.0513752 0.029367 0.0144032 0.00840418 0.00214454 0.00131843 0.00133328 
43 0.547502 0.285103 0.0884012 0.0496597 0.0154391 0.00557244 0.00247462 0.0019277 0.00172683 0.00219325 
44 0.659782 0.134927 0.106001 0.0535726 0.0235661 0.0115581 0.00674409 0.00172093 0.001058 0.00106991 
45 0.658766 0.189844 0.11431 0.00951184 0.0179326 0.0058754 0.00218329 0 0.00105152 0.000525757 
46 0.526617 0.298868 0.0918755 0.0519517 0.0161517 0.00582963 0.00258884 0.00201667 0.00180653 0.00229447 
47 0.902363 0.0760074 0.0109911 0.0027347 0.00473843 0.0022932 0.000291829 0.000580204 5.51036e-07 0 
48 0.927625 0.0659292 0.0033994 0.000783064 0.00135682 0.000656644 8.35635e-05 0.000166138 1.57786e-07 0 
49 0.597654 0.28364 0.0680306 0.0318572 0.00990433 0.00357477 0.00158749 0.00123664 0.00110778 0.00140699 
50 0.607845 0.151716 0.132094 0.0513752 0.029367 0.0144032 0.00840418 0.00214454 0.00131843 0.00133328 
51 0.320773 0.634566 0.020029 0.0146711 0.00680051 0.00126848 0.000562791 0.000438407 0.000392724 0.000498799 
52 0.472907 0.20646 0.167736 0.0584548 0.0665917 0.0154262 0.0073155 0.00188636 0.000497523 0.00272528 
53 0.849442 0.138743 0.0060042 0.00149374 0.00258822 0.00125259 0.000159403 0.000316918 3.00986e-07 0 
54 0.461569 0.20554 0.207777 0.0503329 0.0529135 0.00881391 0.00915316 0.000400048 0.00129459 0.00220573 
55 0.612823 0.178631 0.0974657 0.0385884 0.0512937 0.0085441 0.00887296 0.000387802 0.00125496 0.00213821 
56 0.757587 0.125384 0.0606897 0.0267151 0.0152708 0.00748968 0.00437017 0.00111516 0.000685584 0.000693304 
57 0.647902 0.189326 0.107455 0.0102439 0.0346963 0.00632735 0.00235124 0 0.00113241 0.000566199 
58 0.535046 0.293069 0.0904977 0.0511645 0.015907 0.0057413 0.00254961 0.00198612 0.00177916 0.00225971 
59 0.346151 0.123578 0.291119 0.097933 0.110572 0.0125939 0.0137804 0.00164152 0.00263086 0 
60 0.605353 0.237804 0.0879768 0.0432931 0.0134597 0.00485802 0.00215736 0.00168056 0.00150544 0.00191206 
61 0.636176 0.221994 0.0798925 0.0429402 0.00999865 0.00360882 0.00160261 0.00124842 0.00111833 0.00142039 
62 0.607845 0.151716 0.132093 0.0513752 0.029367 0.0144032 0.00840418 0.00214454 0.00131843 0.00133328 
63 0.696453 0.162325 0.0973728 0.00811986 0.0153083 0.00501558 0.00186379 0 0.0130928 0.000448817 
64 0.530305 0.29518 0.0918759 0.0519517 0.0161517 0.00582963 0.00258884 0.00201667 0.00180653 0.00229447 
65 0.447669 0.243322 0.183935 0.0512076 0.0430165 0.0170874 0.00810332 0.00208951 0.000551103 0.00301877 
66 0.447669 0.227938 0.199319 0.0512076 0.0430165 0.0170874 0.00810332 0.00208951 0.000551103 0.00301877 
67 0.446993 0.266239 0.119295 0.0581778 0.0773351 0.0128819 0.0133777 0.000584686 0.0018921 0.00322376 
68 0.66107 0.191542 0.107455 0.0102435 0.019312 0.00632735 0.00235124 0 0.00113241 0.000566199 
69 0.942555 0.0503284 0.00310487 0.000206048 0.000203395 0.00351184 3.0294e-05 1.08368e-05 0 4.93659e-05 
70 0.558593 0.276828 0.0796254 0.0452035 0.0271527 0.00505241 0.00224366 0.00174778 0.00156566 0.00198854 
71 0.597892 0.274876 0.0718549 0.034813 0.0108233 0.00390645 0.00173479 0.00135138 0.00121056 0.00153753 
72 0.446993 0.265074 0.12046 0.0581778 0.0773351 0.0128819 0.0133777 0.000584686 0.0018921 0.00322376 
73 0.873838 0.0617006 0.0537734 0.00421254 0.00421235 0.00138013 0.000512854 0 0.000247002 0.0001235 
74 0.991369 0.00543108 0.000950029 0.000236411 0.00173932 0.000198216 2.52246e-05 5.01505e-05 0 0 
75 0.660372 0.126583 0.122756 0.0428128 0.0244725 0.0120027 0.00700348 0.00178712 0.00109869 0.00111106 
76 0.159259 0.513945 0.0929273 0.0962873 0.0572164 0.0405847 0.0238967 0.00405478 0.00781497 0.0040144 
77 0.447669 0.22794 0.199317 0.0512076 0.0430165 0.0170874 0.00810332 0.00208951 0.000551103 0.00301877 
78 0.544584 0.273894 0.0878221 0.0496597 0.0154391 0.00557244 0.00247462 0.00194724 0.0164132 0.00219325 
79 0.610832 0.141224 0.139127 0.0619419 0.0241627 0.0118508 0.00691483 0.00176449 0.00108478 0.001097 
80 0.744262 0.159088 0.0726159 0.00616508 0.011623 0.00380813 0.0014151 0 0.000681542 0.000340768 
81 0.349043 0.178994 0.20529 0.187182 0.0296684 0.0158652 0.0260834 0 0 0.00787387 
82 0.53379 0.279198 0.104581 0.052209 0.015907 0.0057413 0.00254961 0.00198612 0.00177916 0.00225971 
83 0.877858 0.0908914 0.0222701 0.00230851 0.00399997 0.00193582 0.000246349 0.000489782 4.6516e-07 0 
84 0.333371 0.120973 0.306385 0.0980521 0.110572 0.0125939 0.0137804 0.00164152 0.00263086 0 
85 0.815695 0.171863 0.00632233 0.00157306 0.00272564 0.0013191 0.000167866 0.000333745 3.16968e-07 0 
86 0.897308 0.085738 0.00862227 0.00214163 0.00371082 0.00179588 0.000228541 0.000454376 4.31534e-07 0 
87 0.159259 0.49856 0.0929273 0.0964064 0.072482 0.0405847 0.0238967 0.00405478 0.00781497 0.0040144 
88 0.54128 0.291904 0.0878221 0.0496597 0.0154391 0.00557244 0.00247462 0.0019277 0.00172683 0.00219325 
89 0.534061 0.294067 0.0904846 0.0511645 0.015907 0.0057413 0.00254961 0.00198612 0.00177916 0.00225971 
90 0.347686 0.21362 0.154455 0.194966 0.0333199 0.0178179 0.0292937 0 0 0.00884296 
91 0.447669 0.227938 0.183935 0.0512077 0.0453931 0.0292397 0.00895903 0.00208951 0.000551103 0.00301877 
92 0.19395 0.207754 0.0902843 0.0891111 0.34128 4.78373e-05 0.0581785 0 0.019394 0 
93 0.446993 0.250981 0.119169 0.0735616 0.0773353 0.0128819 0.0133777 0.000584686 0.0018921 0.00322376 
94 0.32786 0.167974 0.338374 0.0473276 0.028305 0.0698904 0.00501372 0.0152556 0 0 
95 0.453043 0.330309 0.0900692 0.0439716 0.0584509 0.0097363 0.010111 0.000441913 0.00143007 0.00243656 
96 0.653236 0.186457 0.105827 0.0100883 0.0190194 0.00625661 0.0174419 0 0.00111525 0.000557621 
97 0.159259 0.49856 0.0929308 0.111668 0.0572171 0.0405847 0.0238967 0.00405478 0.00781497 0.0040144 
98 0.916325 0.0650251 0.0103181 0.00214163 0.00371082 0.00179588 0.000228541 0.000454376 4.31534e-07 0 
99 0.632056 0.136998 0.122658 0.0568552 0.0265118 0.0130029 0.00758711 0.00193604 0.00119025 0.00120365 
100 0.613757 0.149446 0.114967 0.0657218 0.0289227 0.014185 0.00827684 0.00211205 0.00129845 0.00131308 
101 0.623226 0.151719 0.116709 0.0513752 0.029367 0.0144032 0.00840418 0.00214454 0.00131843 0.00133328 
102 0.835669 0.164176 8.54743e-05 4.44098e-06 6.44904e-05 0 0 0 0 0 
103 0.735393 0.255872 0.00738491 0.000504642 0.00048182 0.000142772 7.4193e-05 2.6541e-05 0 0.000120905 
104 0.45733 0.217882 0.190528 0.0636523 0.0411187 0.0163336 0.00774582 0.00199732 0.000526789 0.00288559 
105 0.609266 0.146196 0.11156 0.0502155 0.0524744 0.0176697 0.00803341 0.00204993 0.00126026 0.00127446 
106 0.546141 0.265645 0.0993931 0.0603032 0.0150197 0.00541323 0.00240392 0.00187262 0.00167749 0.00213058 
107 0.766183 0.22569 0.00412962 0.00102749 0.00178033 0.000861607 0.000109647 0.000217996 2.07037e-07 0 
108 0.536458 0.291672 0.0904834 0.0511645 0.015907 0.0057413 0.00254961 0.00198612 0.00177916 0.00225971 
109 0.333371 0.120973 0.291119 0.097933 0.125957 0.0125939 0.0137804 0.00164152 0.00263086 0 
110 0.333371 0.120973 0.306504 0.097933 0.110572 0.0125939 0.0137804 0.00164152 0.00263086 0 
111 0 0 0.999999 0 0 0 0 0 0 0 
112 0.966447 0.0301139 0.00174876 0.00043461 0.000753051 0.000364445 4.63787e-05 9.22084e-05 0 0 
113 0.667477 0.147281 0.0960974 0.0422707 0.0241627 0.0118508 0.00691483 0.00176449 0.00108478 0.001097 
114 0.603785 0.250997 0.0702728 0.0514772 0.0123519 0.00445795 0.0019797 0.00154216 0.00138146 0.0017546 
115 0.584629 0.167061 0.135299 0.0608535 0.0268865 0.0131861 0.00769397 0.00196331 0.00120701 0.00122061 
116 0.159259 0.49856 0.0929273 0.0962873 0.0572164 0.0405899 0.0392583 0.00407248 0.00781497 0.0040144 
117 0.613786 0.149417 0.114948 0.0640634 0.0305998 0.014185 0.00827684 0.00211205 0.00129845 0.00131308 
118 0.44514 0.226642 0.107999 0.0806357 0.11073 0.0116295 0.0120771 0.000527841 0.00170814 0.00291034 
119 0.457347 0.232571 0.17582 0.0636543 0.0411187 0.0163336 0.00774582 0.00199732 0.000526789 0.00288559 
120 0.272467 0.721305 0.0059086 2.05704e-05 0.000298716 0 0 0 0 0 
121 0.50066 0.21276 0.134133 0.0613686 0.0644459 0.0107349 0.0111481 0.000487238 0.00157675 0.00268646 
122 0.480182 0.237567 0.118795 0.0656338 0.0693648 0.0114702 0.0119116 0.00052061 0.00168474 0.00287047 
123 0.446993 0.250981 0.119168 0.0581778 0.0773351 0.012884 0.0287601 0.000584832 0.0018921 0.00322376 
124 0.413187 0.201492 0.180256 0.123398 0.0577886 0.00962439 0.00999483 0.000436834 0.00141364 0.00240855 
125 0.607845 0.151716 0.116709 0.0667598 0.029367 0.0144032 0.00840418 0.00214454 0.00131843 0.00133328 
126 0.446993 0.250981 0.119168 0.0584166 0.0924809 0.0128819 0.0133777 0.000584686 0.0018921 0.00322376 
127 0.62513 0.131176 0.151012 0.0439572 0.0251165 0.0123185 0.00718778 0.00183414 0.0011276 0.0011403 
128 0.466851 0.238669 0.172749 0.0444917 0.0505025 0.0148091 0.00702288 0.00181091 0.000477622 0.00261627 
129 0.513108 0.377793 0.0574485 0.0324698 0.0100948 0.00364352 0.00161802 0.00126042 0.00112908 0.00143405 
130 0.544148 0.361356 0.0528502 0.0261826 0.00813844 0.00293741 0.00130445 0.00101615 0.000910266 0.00115613 
131 0.611197 0.158971 0.126266 0.0491087 0.0280714 0.0137678 0.00803341 0.00204993 0.00126026 0.00127446 
132 0.526617 0.283483 0.0918755 0.0672295 0.0162584 0.00582963 0.00258884 0.00201667 0.00180653 0.00229447 
133 0.446993 0.250981 0.134553 0.0581779 0.0773351 0.0128819 0.0133777 0.000584686 0.0018921 0.00322376 
134 0.44923 0.236059 0.178445 0.049682 0.0566532 0.016579 0.00786143 0.00202713 0.000534652 0.00292866 
135 0.446993 0.250981 0.119168 0.0735576 0.0773399 0.0128819 0.0133777 0.000584686 0.0018921 0.00322376 
136 0.159259 0.49856 0.0929273 0.111672 0.0572166 0.0405847 0.0238967 0.00405478 0.00781497 0.0040144 
137 0.330705 0.20712 0.175882 0.200958 0.0318499 0.0170318 0.0280013 0 0 0.00845283 
138 0.653237 0.186457 0.120978 0.0100883 0.0190194 0.00623148 0.00231561 0 0.00111525 0.000557621 
139 0.446993 0.26635 0.119183 0.0581778 0.0773351 0.0128819 0.0133777 0.000584686 0.0018921 0.00322376 
140 0.463518 0.258396 0.115612 0.0564412 0.0750266 0.0124973 0.0129784 0.000567232 0.00183562 0.00312752 
141 0.358042 0 0.199451 0.353316 0.0891908 0 0 0 0 0 
142 0.737735 0.248451 0.0116889 0.00079397 0.000758064 0.000224628 0.00011673 4.17578e-05 0 0.000190223 
143 0.520725 0.154647 0.18697 0.061164 0.0598932 0.00682168 0.00746438 0.000889155 0.00142505 0 
144 0.333371 0.120973 0.291119 0.0986529 0.121896 0.015935 0.0137804 0.00164152 0.00263086 0 
145 0.499305 0.263298 0.12726 0.0955739 0.0076654 0.00276588 0.00122828 0.000956815 0.000857112 0.00108862 
146 0.246557 0.586296 0.105646 0.0213647 0.0283999 0.00473063 0.00491271 0.000214715 0.000694838 0.00118387 
147 0.56325 0.149946 0.0543484 0.0254236 0.196268 0.00433846 0.00450544 0.000196915 0.000637235 0.00108572 
148 0.703942 0.208959 0.0635021 0.00605299 0.0114116 0.00373889 0.00138937 0 0.00066915 0.000334572 
149 0.475941 0.265731 0.154246 0.0390642 0.0424478 0.0125194 0.00591815 0.00152604 0.000402491 0.00220472 
150 0.456273 0.219536 0.116219 0.0786667 0.10515 0.0097363 0.010111 0.000441913 0.00143007 0.00243656 
151 0.480397 0.321576 0.125439 0.0297188 0.0249649 0.00991682 0.00470282 0.00121266 0.000319836 0.00175196 
152 0.345848 0.201024 0.153503 0.194966 0.0333199 0.0178355 0.0446607 0 0 0.00884296 
153 0.647622 0.228843 0.0553005 0.0405021 0.00974611 0.00350865 0.00155813 0.00121376 0.00352766 0.008178 
154 0.62155 0.169446 0.108397 0.0477055 0.0272693 0.0133744 0.00780388 0.00199136 0.00122426 0.00123804 
155 0.647902 0.189732 0.122433 0.0102435 0.019312 0.00632735 0.00235124 0 0.00113241 0.000566199 
156 0.530644 0.294841 0.0918759 0.0519517 0.0161517 0.00582963 0.00258884 0.00201667 0.00180653 0.00229447 
157 0.457243 0.256116 0.119168 0.0581778 0.0773351 0.0128819 0.0133777 0.000584686 0.0018921 0.00322376 
158 0.537331 0.288154 0.0918755 0.0519517 0.0161517 0.00582963 0.00258884 0.00201667 0.00180653 0.00229447 
159 0.453631 0.237267 0.184027 0.0512076 0.0430165 0.0170874 0.00810332 0.00208951 0.000551103 0.00301877 
160 0.333371 0.120973 0.291119 0.097933 0.110572 0.0125939 0.0138765 0.0167447 0.00281627 0 
161 0.446993 0.250981 0.119168 0.0581896 0.0925643 0.0130255 0.0133777 0.000584686 0.0018921 0.00322376 
162 0.671467 0.119704 0.193691 0.00441667 0.00697378 0.00228488 0.000849058 0 0.000408925 0.000204461 
163 0.607845 0.151716 0.116709 0.0513752 0.029367 0.0145717 0.0236201 0.0021447 0.00131843 0.00133328 
164 0.662413 0.310646 0.0196499 0.00187031 0.00352607 0.00115527 0.000429299 0 0.00020676 0.000103379 
165 0.459931 0.243085 0.168395 0.046882 0.0534639 0.0156435 0.00741853 0.00191293 0.000504531 0.00276366 
166 0.679606 0.127449 0.0936554 0.041227 0.0235661 0.0115581 0.0111289 0.00968167 0.00105811 0.00106991 
167 0.681445 0.160389 0.131262 0.00700932 0.012941 0.00423998 0.00157557 0 0.00075883 0.000379412 
168 0.566208 0.25994 0.0841113 0.0475614 0.0147867 0.00533698 0.00237006 0.00184625 0.00165389 0.016185 
169 0.448575 0.258415 0.115618 0.0713595 0.0750266 0.0124973 0.0129784 0.000567232 0.00183562 0.00312752 
170 0.646509 0.245769 0.0447988 0.0218587 0.0290565 0.00484001 0.0050263 0.000219679 0.000710903 0.00121124 
171 0.943042 0.0314062 0.0204295 0.00213555 0.00179068 0.000866617 0.000110284 0.000219263 2.0824e-07 0 
172 0.480701 0.250357 0.106124 0.0518022 0.0689811 0.0250477 0.0119116 0.00052061 0.00168474 0.00287047 
173 0.937459 0.0580188 0.00382293 0.000261174 0.000249363 7.38909e-05 3.83981e-05 1.37361e-05 0 6.25734e-05 
174 0.518638 0.279188 0.0905191 0.0814318 0.015907 0.0057413 0.00254961 0.00198612 0.00177916 0.00225971 
175 0.580299 0.20891 0.120849 0.0503014 0.0205531 0.00995968 0.0058114 0.00148293 0.00091168 0.000921947 
176 0.607845 0.151716 0.116709 0.0518882 0.0442383 0.0144035 0.00840418 0.00214454 0.00131843 0.00133328 
177 0.630569 0.14293 0.114924 0.0579089 0.0276646 0.0135683 0.00791698 0.00202022 0.001242 0.00125599 
178 0.308557 0.260046 0.327648 0.0336707 0.016767 0.0413265 0.00296463 0.00902072 0 0 
179 0.117486 0.88074 0.00149999 0.000102492 9.78568e-05 2.89968e-05 1.50685e-05 5.39042e-06 0 2.45555e-05 
180 0.758042 0.232259 0.00493052 0.0012259 0.00212412 0.00102799 0.00013082 0.000260091 2.47016e-07 0 
181 0.610304 0.146392 0.125033 0.0505105 0.0413753 0.0137678 0.00803341 0.00204993 0.00126026 0.00127446 
182 0.0589312 0.940891 9.84696e-05 5.11595e-06 7.42921e-05 0 0 0 0 0 
183 0.717745 0.244045 0.0201847 0.0113317 0.00352302 0.00127156 0.000564679 0.000439878 0.000394041 0.000500472 
184 0.532795 0.270977 0.102527 0.0643663 0.0154393 0.00557244 0.00247462 0.0019277 0.00172683 0.00219325 
185 0.607845 0.167091 0.116719 0.0513752 0.029367 0.0144032 0.00840418 0.00214454 0.00131843 0.00133328 
186 0.333371 0.120973 0.291119 0.100835 0.123047 0.0126018 0.0137804 0.00164152 0.00263086 0 
187 0.63705 0.217732 0.0702577 0.0397277 0.0123513 0.00445795 0.0019797 0.00154216 0.00138148 0.0135193 
188 0.345848 0.201024 0.155471 0.208372 0.0333305 0.0178179 0.0292936 0 0 0.00884296 
189 0.455947 0.279178 0.16692 0.0401082 0.0336876 0.0133817 0.00634597 0.00163636 0.000431586 0.0023641 
190 0.630577 0.142922 0.109943 0.0483969 0.0277145 0.0280014 0.0079266 0.00202022 0.001242 0.00125599 
191 0.805843 0.180594 0.0114658 0.000783523 0.000748089 0.000221673 0.000115194 4.12083e-05 0 0.00018772 
192 0.881517 0.110954 0.0063741 0.000431506 0.000411991 0.000122081 6.34404e-05 2.26944e-05 0 0.000103382 
193 0.624735 0.145433 0.11156 0.0491087 0.0280733 0.0282387 0.00826643 0.00204993 0.00126026 0.00127446 
194 0.156846 0.506158 0.0915623 0.109937 0.0563495 0.0399697 0.0235346 0.00399334 0.00769656 0.00395358 
195 0.891148 0.0367495 0.0661412 0.00153237 0.00265515 0.00128498 0.000163525 0.000325114 3.0877e-07 0 
196 0.446993 0.250981 0.119168 0.0601073 0.0907875 0.0128846 0.0133777 0.000584686 0.0018921 0.00322376 
197 0.392135 0.606814 0.000581741 3.02258e-05 0.00043893 0 0 0 0 0 
198 0.941732 0.0452903 0.00898081 0.00102749 0.00178033 0.000861607 0.000109647 0.000217996 2.07037e-07 0 
199 0.618922 0.147816 0.128151 0.0498416 0.0284903 0.0139733 0.00815331 0.00208052 0.00127907 0.00129348 
200 0.437169 0.305184 0.153418 0.042673 0.035847 0.0142395 0.00675277 0.00174126 0.000459252 0.00251564 
201 0.616083 0.143613 0.122643 0.0639917 0.0276645 0.0135683 0.00791698 0.00202022 0.001242 0.00125599 
202 0.333373 0.126864 0.288604 0.10227 0.120832 0.0115296 0.0126159 0.0015028 0.00240854 0 
203 0.607845 0.151716 0.116709 0.0513752 0.0420841 0.0170706 0.00840418 0.00214454 0.00131843 0.00133328 
204 0.45649 0.240104 0.131325 0.0675907 0.0739412 0.0123136 0.0127875 0.000558891 0.00180862 0.00308153 
205 0.728321 0.124459 0.121001 0.00672555 0.0126796 0.00415432 0.00154374 0 0.0007435 0.000371747 
206 0.679924 0.310443 0.00814392 0.000556521 0.000531353 0.00015745 8.18203e-05 2.92695e-05 0 0.000133334 
207 0.159259 0.49856 0.0929273 0.0962873 0.0572164 0.0405847 0.0238967 0.00405551 0.0231988 0.00401441 
208 0.482624 0.279183 0.158489 0.0326326 0.0274124 0.0108891 0.00516388 0.00133155 0.000351193 0.00192373 
209 0.516713 0.193288 0.267021 0.00589935 0.0111087 0.00363963 0.00135248 0 0.000651385 0.00032569 
210 0.258261 0.173152 0.418281 0.0428985 0.0256632 0.0633673 0.00454577 0.0138318 0 0 
211 0.486488 0.233059 0.110753 0.0682069 0.0718158 0.0119617 0.0124221 0.000542922 0.00175695 0.00299349 
212 0.381464 0.363207 0.102574 0.10669 0.0171989 0.00919177 0.0151118 0 0 0.00456184 
213 0.60145 0.168119 0.160514 0.0591341 0.00567491 0.00204825 0.000909591 0.00070856 0.000634726 0.000806166 
214 0.43365 0.253141 0.13443 0.057921 0.0898513 0.0124973 0.0129784 0.000567232 0.00183562 0.00312752 
215 0.619232 0.165499 0.158218 0.0270418 0.0174768 0.00694177 0.00329197 0.000848862 0.000223885 0.00122638 
216 0.442939 0.32879 0.118314 0.0381976 0.0507756 0.0084578 0.00878333 0.000383884 0.00124229 0.00211661 
217 0.618226 0.150822 0.13314 0.0463804 0.0265118 0.0130029 0.00758711 0.00193604 0.00119025 0.00120365 
218 0.548256 0.278629 0.0974588 0.0475614 0.0147867 0.00533698 0.00237006 0.00184625 0.00165386 0.00210057 
219 0.544894 0.264485 0.103629 0.0584965 0.014998 0.00541323 0.00240392 0.00187262 0.00167749 0.00213058 
220 0.617891 0.26527 0.0851854 0.00811987 0.0153083 0.00501558 0.00186379 0 0.00089764 0.000448817 
221 0.607845 0.151716 0.116709 0.0513752 0.0300302 0.0291246 0.00840419 0.00214454 0.00131843 0.00133328 
222 0.446993 0.250981 0.119168 0.0581778 0.0778117 0.0277644 0.0134032 0.000584686 0.0018921 0.00322376 
223 0.161201 0.6399 0.0542424 0.0648096 0.033206 0.0235536 0.0138686 0.00235322 0.00453547 0.00232979 
224 0.361478 0.116484 0.293889 0.0936828 0.110262 0.0108699 0.0101787 0.00121248 0.00194325 0 
225 0.333371 0.120973 0.291119 0.0984512 0.125439 0.0125939 0.0137804 0.00164152 0.00263086 0 
226 0.649105 0.1746 0.105247 0.0157021 0.04575 0.00588784 0.00215254 0 0.00103671 0.000518352 
227 0.521375 0.23728 0.122956 0.0392268 0.0585939 0.00829032 0.00860941 0.000376283 0.00121769 0.00207469 
228 0.769776 0.125883 0.0731767 0.013725 0.0113628 0.00370521 0.00137685 0 0.000663122 0.000331558 
229 0.637684 0.147069 0.114397 0.0427875 0.0242959 0.0231724 0.00674575 0.00172093 0.001058 0.00106991 
230 0.675048 0.137867 0.102695 0.0442613 0.0208363 0.0100668 0.00587389 0.00149887 0.000921483 0.00093186 
231 0.966065 0.0290017 0.00250731 0.000623703 0.00108069 0.000523011 6.65576e-05 0.000132327 1.25675e-07 0 
232 0.65547 0.133333 0.102515 0.0453047 0.03475 0.0170325 0.00738205 0.00188372 0.00115808 0.00117112 
233 0.515213 0.213814 0.111958 0.0589678 0.0743994 0.0103373 0.0107352 0.000469192 0.00151835 0.00258696 
234 0.349716 0.216485 0.169858 0.181043 0.0309399 0.0165452 0.0272012 0 0 0.00821132 
235 0.440886 0.224484 0.181185 0.0655267 0.0575333 0.0168311 0.00798054 0.00205785 0.000542753 0.00297303 
236 0.440886 0.224484 0.181148 0.0507137 0.0723858 0.0168285 0.00798054 0.00205785 0.000542753 0.00297303 
237 0.455315 0.225206 0.183421 0.0633092 0.0423652 0.0168285 0.00798054 0.00205785 0.000542753 0.00297303 
238 0.865486 0.121961 0.00637881 0.0015871 0.00274998 0.00133088 0.000169365 0.000336725 3.19798e-07 0 
239 0.473554 0.228012 0.162881 0.0633536 0.0493761 0.012657 0.00598541 0.00154339 0.000407064 0.00222977 
240 0.885121 0.0858334 0.0207138 0.00214165 0.00371082 0.00179588 0.000228541 0.000454376 4.31534e-07 0 
241 0.599872 0.248283 0.0855296 0.0416896 0.0129612 0.0046781 0.00207746 0.00161832 0.00144968 0.00184124 
242 0.629442 0.216143 0.119806 0.00887808 0.0167371 0.00548371 0.00203774 0 0.00098142 0.000490706 
243 0.537264 0.355005 0.0647406 0.0270336 0.00839887 0.00303141 0.0013462 0.00104867 0.000939395 0.00119313 
244 0.171989 0.491014 0.0915193 0.0948284 0.0563495 0.0399697 0.0235346 0.00415683 0.0223059 0.00433228 
245 0.159259 0.49856 0.0929273 0.0962873 0.05722 0.05593 0.0239324 0.00405478 0.00781497 0.0040144 
246 0.607845 0.151716 0.117124 0.0663407 0.0293709 0.0144032 0.00840418 0.00214454 0.00131843 0.00133328 
247 0.455363 0.247187 0.117363 0.0575604 0.0910501 0.0126874 0.013175 0.000575827 0.00186343 0.00317491 
248 0.448576 0.258414 0.118896 0.0680811 0.0750266 0.0124973 0.0129784 0.000567232 0.00183562 0.00312753 
249 0.834837 0.133713 0.00720218 0.00160177 0.0143603 0.00777498 0.000170891 0.000339759 3.22679e-07 0 
250 0.156847 0.506157 0.0915194 0.0984733 0.0678562 0.0399697 0.0235346 0.00399334 0.00769656 0.00395358 
251 0.616087 0.157412 0.109943 0.0628897 0.0276645 0.0135683 0.00791698 0.00202022 0.001242 0.00125599 
252 0.619653 0.143066 0.138455 0.0480984 0.0261487 0.0128248 0.00748317 0.00190952 0.00117394 0.00118716 
253 0.693096 0.200385 0.0805587 0.00666225 0.0125528 0.00411278 0.0015283 0 0.000736065 0.00036803 
254 0.641481 0.133812 0.116023 0.0456851 0.0387512 0.0126515 0.00738205 0.00188372 0.00115808 0.00117112 
255 0.659088 0.171861 0.124194 0.0212706 0.0121583 0.00596312 0.00347944 0.000887866 0.000545847 0.000551994 
256 0.95048 0.0350435 0.0103085 0.00107262 0.00185541 0.00089794 0.000114271 0.000227188 2.15767e-07 0 
257 0.613786 0.149417 0.114941 0.0657473 0.028923 0.014185 0.00827684 0.00211205 0.00129845 0.00131308 
258 0.452903 0.444902 0.0495574 0.0361522 0.00867652 0.00313162 0.0013907 0.00108334 0.000970449 0.00123257 
259 0.520927 0.3114 0.0815701 0.0456373 0.0276968 0.00512062 0.00227398 0.0017714 0.00158682 0.00201542 
260 0.708383 0.123034 0.0944509 0.035152 0.0200932 0.00985484 0.00575023 0.00146732 0.000902084 0.000912242 
261 0.523428 0.212063 0.112126 0.0487815 0.0769674 0.0107349 0.0111481 0.000487238 0.00157675 0.00268646 
262 0.508423 0.199357 0.189311 0.0421329 0.0353933 0.0140593 0.00666729 0.00171921 0.000453439 0.0024838 
263 0.455365 0.247186 0.117385 0.070047 0.078542 0.0126867 0.013175 0.000575827 0.00186343 0.00317491 
264 0.633597 0.190124 0.0914299 0.0402336 0.0229982 0.0112796 0.00658159 0.00167946 0.00103251 0.00104413 
265 0.561812 0.275773 0.0785779 0.0444324 0.0163659 0.0155918 0.00221414 0.00172479 0.00154506 0.00196238 
266 0.601983 0.201982 0.16128 0.0153161 0.0113201 0.00449669 0.00213245 0.00054987 0.000145027 0.000794413 
267 0.607845 0.151716 0.116709 0.0667598 0.029367 0.0144032 0.00840418 0.00214454 0.00131843 0.00133328 
268 0.646267 0.132704 0.127129 0.0445252 0.0254514 0.0124828 0.00728362 0.0018586 0.00114264 0.00115551 
269 0.547505 0.332742 0.0873078 0.00832286 0.015691 0.00514097 0.00191038 0 0.000920081 0.000460037 
270 0.447669 0.227938 0.183935 0.0512142 0.0583945 0.0170875 0.00810332 0.00208951 0.000551103 0.00301877 
271 0.735996 0.159927 0.0800435 0.00616513 0.011623 0.00380813 0.0014151 0 0.000681542 0.000340768 
272 0.517966 0.300282 0.101099 0.0429115 0.0257812 0.00479653 0.00213006 0.00165929 0.00148638 0.00188786 
273 0.625146 0.145023 0.11156 0.0638145 0.0280714 0.0137678 0.00803341 0.00204993 0.00126026 0.00127446 
274 0.171997 0.491006 0.0915193 0.0948284 0.0563495 0.0399697 0.0235346 0.00399334 0.0077002 0.0191014 
275 0.333371 0.120973 0.291119 0.113318 0.110572 0.0125939 0.0137804 0.00164152 0.00263086 0 
276 0.440317 0.266675 0.130535 0.0564416 0.0750266 0.0124973 0.0129784 0.000567232 0.00183562 0.00312752 
277 0.605067 0.234192 0.0839762 0.0527316 0.0126489 0.00456537 0.0020274 0.00157932 0.00141475 0.00179688 
278 0.487492 0.233702 0.118188 0.0511021 0.0679295 0.0113152 0.0117507 0.000513575 0.00174917 0.016258 
279 0.447669 0.227938 0.183935 0.0512077 0.0430168 0.0324685 0.00810657 0.00208951 0.000551103 0.00301877 
280 0.505986 0.181714 0.115484 0.137467 0.0222366 0.011818 0.0194295 0 0 0.00586523 
281 0.18164 0.476569 0.108292 0.101403 0.0552763 0.0387942 0.0228424 0.00387589 0.00747019 0.0038373 
282 0.456037 0.224484 0.196299 0.0504318 0.0423647 0.0168285 0.00798054 0.00205785 0.000542753 0.00297303 
283 0.333371 0.120973 0.291321 0.113115 0.110573 0.0125939 0.0137804 0.00164152 0.00263086 0 
284 0.150026 0.517068 0.0980936 0.0907129 0.0538995 0.041088 0.034148 0.00381972 0.00736192 0.00378168 
285 0.333371 0.120973 0.291119 0.097933 0.110572 0.0130062 0.0287527 0.00164153 0.00263086 0 
286 0.491125 0.250564 0.104141 0.060694 0.0661419 0.0110174 0.0114414 0.00050006 0.00161824 0.00275716 
287 0.430687 0.274456 0.195503 0.0408009 0.0340984 0.0135449 0.00642336 0.00165632 0.00043685 0.00239293 
288 0.345848 0.201025 0.168887 0.194966 0.0333199 0.0178179 0.0292937 0 0 0.00884296 
289 0.159259 0.49856 0.0929332 0.111666 0.0572164 0.0405847 0.0238967 0.00405478 0.00781497 0.0040144 
290 0.38737 0.121576 0.116824 0.324633 0.0185111 0.00989883 0.0162742 0 0 0.00491276 
291 0.57805 0.249384 0.093954 0.0539854 0.0129612 0.0046781 0.00207746 0.00161832 0.00144968 0.00184124 
292 0.641872 0.162678 0.108488 0.0448817 0.0216915 0.0106387 0.00620763 0.00158403 0.000973841 0.000984807 
293 0.325852 0.213659 0.191687 0.184703 0.0313883 0.016785 0.0275955 0 0 0.00833032 
294 0.695008 0.147198 0.129581 0.00723727 0.0136443 0.00447041 0.0016612 0 0.000800071 0.000400032 
295 0.321877 0.250767 0.162686 0.185179 0.0296684 0.0158652 0.0260834 0 0 0.00787387 
296 0.447669 0.227938 0.183935 0.0534159 0.0561904 0.0170899 0.00810332 0.00208951 0.000551103 0.00301877 
297 0.637121 0.148777 0.103967 0.058564 0.0269912 0.0128248 0.00748317 0.00190952 0.00117394 0.00118716 
298 0.345848 0.206533 0.163357 0.194988 0.0333199 0.0178179 0.0292936 0 0 0.00884296 
299 0.582069 0.198415 0.131157 0.0472141 0.0212095 0.0104023 0.00606968 0.00154883 0.0009522 0.000962922 
300 0.318664 0.145049 0.290728 0.0958897 0.120374 0.0120383 0.0131724 0.0015691 0.0025148 0 
301 0.296855 0.176301 0.368765 0.0341466 0.0296113 0.0731161 0.00524512 0.0159597 0 0 
302 0.343472 0.11914 0.286708 0.109548 0.110949 0.012403 0.0135716 0.00161665 0.002591 0 
303 0.537397 0.252757 0.118227 0.0515136 0.0271621 0.00519077 0.00230513 0.00179567 0.00160855 0.00204302 
304 0.333371 0.120973 0.291119 0.0991017 0.124788 0.0125939 0.0137804 0.00164152 0.00263086 0 
305 0.17393 0.503719 0.0875472 0.0907671 0.0683304 0.0382322 0.0225114 0.00381972 0.00736192 0.00378168 
306 0.427822 0.266717 0.12576 0.0796417 0.0707997 0.0117933 0.0122472 0.000535276 0.0017322 0.00295133 
307 0.491393 0.375449 0.0747713 0.036705 0.0114115 0.00411876 0.00182907 0.00142482 0.00127635 0.00162109 
308 0.503305 0.325258 0.0968321 0.0469008 0.0145814 0.00526286 0.00233714 0.00182061 0.00163089 0.0020714 
309 0.593708 0.211427 0.158307 0.0093779 0.01768 0.00579265 0.00215254 0 0.00103671 0.000518352 
310 0.411021 0.587328 0.00104549 3.89754e-05 0.000565988 0 0 0 0 0 
311 0.610342 0.192872 0.144617 0.0241744 0.0182181 0.00596055 0.00221493 0 0.00106676 0.000533376 
312 0.617727 0.157426 0.127034 0.0463804 0.0265118 0.0130029 0.00758711 0.00193604 0.00119025 0.00120365 
313 0.5871 0.186387 0.110327 0.062079 0.0281031 0.0135683 0.00791698 0.00202022 0.001242 0.00125599 
314 0.628672 0.213415 0.104247 0.00993993 0.0336586 0.00613857 0.00228105 0 0.0010986 0.000549298 
315 0.647902 0.204711 0.107455 0.0102435 0.019312 0.00632735 0.00235124 0 0.00113241 0.000566199 
316 0.526617 0.283483 0.107258 0.0519537 0.0161517 0.00582963 0.00258884 0.00201667 0.00180653 0.00229447 
317 0.638085 0.21676 0.105827 0.0100883 0.0190194 0.00623148 0.00231561 0 0.00111525 0.000557621 
318 0.523046 0.298063 0.0866266 0.0633554 0.0152153 0.00549168 0.00243876 0.00189976 0.0017018 0.00216146 
319 0.643487 0.213525 0.104247 0.00993774 0.0187355 0.00613848 0.00228105 0 0.0010986 0.000549298 
320 0.423432 0.419359 0.0991393 0.023775 0.0199719 0.00793345 0.00376226 0.000970128 0.000255869 0.00140157 
321 0.504188 0.285111 0.0961146 0.0398059 0.0529135 0.00881391 0.00915316 0.000400048 0.00129459 0.00220573 
322 0.170061 0.499942 0.0975442 0.0845767 0.0502659 0.0528006 0.0308572 0.00356163 0.0068645 0.00352616 
323 0.687765 0.174653 0.0867875 0.0347084 0.00846661 0.00305585 0.00135705 0.00105713 0.00094697 0.00120275 
324 0.355553 0.198185 0.152297 0.206043 0.0328151 0.0175479 0.0288498 0 0 0.00870898 
325 0.475606 0.230753 0.166838 0.0465874 0.0523635 0.0154276 0.0073155 0.00188636 0.000497523 0.00272528 
326 0.196934 0.195566 0.0916733 0.0908459 0.346167 4.85733e-05 0.0590735 0 0.0196924 0 
327 0.441978 0.23991 0.125091 0.0743586 0.0881129 0.0123136 0.0127875 0.000558891 0.00180862 0.00308153 
328 0.434386 0.553634 0.0114331 3.52675e-05 0.000512085 0 0 0 0 0 
329 0.449234 0.250976 0.178449 0.0496791 0.0417324 0.0165774 0.00786143 0.00202713 0.000534652 0.00292866 
330 0.4225 0.576274 0.000678698 3.52635e-05 0.000512085 0 0 0 0 0 
331 0.447669 0.243321 0.183936 0.0512076 0.0430165 0.0170874 0.00810332 0.00208951 0.000551103 0.00301877 
332 0.537138 0.288347 0.0918755 0.0519517 0.0161517 0.00582963 0.00258884 0.00201667 0.00180653 0.00229447 
333 0.489156 0.246068 0.124148 0.0495485 0.0644459 0.0107349 0.0111481 0.000487238 0.00157675 0.00268646 
334 0.471331 0.239968 0.113911 0.0556111 0.0739233 0.0123136 0.0127875 0.000558891 0.00181165 0.0177844 
335 0.559996 0.248761 0.10565 0.0581417 0.0148536 0.00505235 0.00224366 0.00174778 0.00156566 0.00198854 
336 0.522926 0.283685 0.115538 0.0489416 0.0152153 0.00549168 0.00243876 0.00189976 0.0017018 0.00216146 
337 0.375414 0.16585 0.312215 0.0289159 0.0252473 0.0744577 0.00442772 0.0134725 0 0 
338 0.664129 0.167216 0.13621 0.00832286 0.015691 0.00514097 0.00191038 0 0.000920081 0.000460037 
339 0.601593 0.142921 0.138929 0.0483969 0.0277429 0.027444 0.00845556 0.00202022 0.001242 0.00125599 
340 0.472141 0.241308 0.121471 0.0525219 0.0698514 0.0254834 0.0120771 0.000527841 0.00170814 0.00291034 
341 0.604608 0.162056 0.113299 0.0498491 0.0426313 0.0147502 0.00815331 0.00208052 0.00127907 0.00129348 
342 0.345848 0.201024 0.153503 0.194966 0.0333288 0.0331936 0.0292936 0 0 0.00884296 
343 0.440221 0.247183 0.132509 0.0572964 0.0913109 0.0126906 0.013175 0.000575827 0.00186343 0.00317491 
344 0.455372 0.247178 0.117363 0.0572963 0.0761634 0.0126878 0.0283254 0.000575827 0.00186343 0.00317491 
345 0.525073 0.26705 0.0865494 0.0924182 0.0152153 0.00549168 0.00243876 0.00189976 0.0017018 0.00216146 
346 0.426916 0.229757 0.211392 0.0607669 0.0507067 0.0113335 0.00537465 0.0013859 0.000365527 0.00200225 
347 0.49464 0.298243 0.0880287 0.0757264 0.0325014 0.00435553 0.00193419 0.00150671 0.00134971 0.00171426 
348 0.747461 0.238337 0.0072164 0.00179551 0.00311109 0.00150564 0.000191605 0.000380942 3.61791e-07 0 
349 0.896889 0.0546907 0.0408209 0.00195336 0.00338459 0.001638 0.00020845 0.000414431 3.93597e-07 0 
350 0.446993 0.255372 0.130153 0.0581866 0.0773351 0.0128819 0.0133777 0.000584686 0.0018921 0.00322376 
351 0.447002 0.262009 0.123516 0.0581778 0.0773351 0.0128819 0.0133777 0.000584686 0.0018921 0.00322376 
352 0.340001 0.182408 0.188776 0.20822 0.0300805 0.0160856 0.0264457 0 0 0.00798323 
353 0.86093 0.129699 0.0079218 0.000541343 0.000516862 0.000153156 7.95888e-05 2.84712e-05 0 0.000129698 
354 0.370405 0.10925 0.304445 0.0884118 0.099822 0.0113695 0.0124406 0.00148193 0.00237509 0 
355 0.340608 0.197979 0.151179 0.222314 0.0328151 0.0175479 0.0288498 0 0 0.00870898 
356 0.347196 0.111007 0.308771 0.0896571 0.115312 0.0115296 0.0126159 0.0015028 0.00240854 0 
357 0.33337 0.117961 0.290082 0.0978539 0.131439 0.0120383 0.0131724 0.0015691 0.0025148 0 
358 0.454596 0.250926 0.18608 0.04438 0.0372809 0.0148091 0.00702288 0.00181091 0.000477622 0.00261627 
359 0.446993 0.250981 0.119168 0.0581778 0.0773353 0.0282663 0.0133777 0.000584686 0.0018921 0.00322376 
360 0.435495 0.199021 0.243583 0.0587255 0.0367904 0.0146143 0.00693047 0.00178708 0.000471338 0.00258184 
361 0.865986 0.110937 0.00990224 0.000676679 0.000646077 0.000191445 9.9486e-05 3.5589e-05 0 0.0115258 
362 0.61044 0.159728 0.117174 0.0581979 0.0280736 0.0137678 0.00803341 0.00204993 0.00126026 0.00127446 
363 0.447669 0.227938 0.183935 0.0516563 0.0579524 0.0170874 0.00810332 0.00208951 0.000551103 0.00301877 
364 0.16943 0.498603 0.0901534 0.0934131 0.0555134 0.0542935 0.0231834 0.00393374 0.00758168 0.00389457 
365 0.564093 0.207096 0.10518 0.0471762 0.0474225 0.00789926 0.0082033 0.000358534 0.00116025 0.0114108 
366 0.48176 0.250547 0.208665 0.0371084 0.0115369 0.00416402 0.00184917 0.00144048 0.00129038 0.00163891 
367 0.650545 0.245364 0.0548107 0.0309804 0.00963173 0.00347638 0.0015438 0.0012026 0.00107729 0.00136826 
368 0.779047 0.208534 0.0104988 0.000717443 0.000684998 0.000202977 0.000105479 3.77329e-05 0 0.000171888 
369 0.456035 0.224487 0.181148 0.0513133 0.0566347 0.0168285 0.00798054 0.00205785 0.000542753 0.00297303 
370 0.663453 0.195662 0.102714 0.0097916 0.01846 0.0060482 0.00224751 0 0.00108245 0.00054122 
371 0.446993 0.251005 0.134445 0.058262 0.0773351 0.0128819 0.0133777 0.000584686 0.0018921 0.00322376 
372 0.32832 0.119144 0.316999 0.096457 0.108897 0.012403 0.0135716 0.00161665 0.002591 0 
373 0.604625 0.162112 0.126105 0.0518874 0.0284903 0.0139733 0.00815331 0.00208052 0.00127907 0.00129348 
374 0.330287 0.205529 0.161875 0.219293 0.0310578 0.0165452 0.0272012 0 0 0.00821132 
375 0.466505 0.278267 0.106109 0.0518022 0.06886 0.0114702 0.0119116 0.00052061 0.00168474 0.00287047 
376 0.607845 0.151716 0.116717 0.0667515 0.029367 0.0144032 0.00840418 0.00214454 0.00131843 0.00133328 
377 0.59137 0.236529 0.0892482 0.0392869 0.0224571 0.0110142 0.00642673 0.00163994 0.00100821 0.00101956 
378 0.647902 0.189326 0.107455 0.0102435 0.019312 0.00632871 0.0177345 0 0.00113241 0.0005662 
379 0.901487 0.068059 0.0204628 0.003488 0.00389871 0.00188681 0.000240113 0.000477383 4.53384e-07 0 
380 0.532796 0.285682 0.0878224 0.0496899 0.0301148 0.00557244 0.00247462 0.0019277 0.00172683 0.00219325 
381 0.524747 0.29734 0.092964 0.0583526 0.0139984 0.00505235 0.00224366 0.00174778 0.00156566 0.00198854 
382 0.611513 0.15169 0.114941 0.0505968 0.028922 0.0141898 0.023414 0.00212153 0.00129845 0.00131308 
383 0.444176 0.253277 0.141014 0.0570589 0.0739233 0.0123136 0.0127875 0.000558891 0.00180862 0.00308153 
384 0.464047 0.221245 0.193368 0.0496791 0.0417324 0.0165774 0.00786143 0.00202713 0.000534652 0.00292866 
385 0.472271 0.264875 0.178984 0.0343717 0.0288255 0.0114503 0.00543006 0.00140019 0.000369296 0.00202289 
386 0.607845 0.151716 0.116709 0.0513752 0.029367 0.0297878 0.00840418 0.00214454 0.00131843 0.00133328 
387 0.529239 0.328945 0.0746716 0.0422107 0.0131232 0.00473657 0.00210343 0.00163855 0.0014678 0.00186426 
388 0.880661 0.056397 0.0235552 0.0320473 0.00439997 0.0021294 0.000270984 0.00053876 5.11676e-07 0 
389 0.159259 0.49856 0.0929274 0.111672 0.0572164 0.0405847 0.0238967 0.00405478 0.00781497 0.0040144 
390 0.473164 0.333015 0.0838638 0.0381976 0.0507756 0.0084578 0.00878333 0.000383884 0.00124229 0.00211661 
391 0.589763 0.174961 0.115504 0.0630751 0.0299164 0.0139733 0.00815331 0.00208052 0.00127907 0.00129348 
392 0.891953 0.0725451 0.0106268 0.00262155 0.0192223 0.00219745 0.000278955 0.000554606 5.26725e-07 0 
393 0.457326 0.217886 0.17582 0.0523725 0.0671064 0.0163336 0.00774582 0.00199732 0.000526789 0.00288559 
394 0.333371 0.120973 0.291123 0.113314 0.110572 0.0125939 0.0137804 0.00164152 0.00263086 0 
395 0.547926 0.278222 0.0841113 0.0476346 0.0287981 0.00533698 0.00237006 0.00184625 0.00165386 0.00210057 
