2 0.497395 0.16999 0.192858 0.0491032 0.0607071 0.0140289 0.00709379 0.00366861 0.0018027 0.00335253 
3 0.504949 0.177691 0.179721 0.0483592 0.0597873 0.0138164 0.00698631 0.00361302 0.00177538 0.00330173 
4 0.0632488 0.936667 5.16073e-05 2.37376e-05 0 0 8.77896e-06 0 0 0 
5 0.73598 0.250341 0.0107211 0.00137206 0.0011099 0 0.000316803 0 0.000158416 0 
6 0.55277 0.26532 0.10163 0.0453991 0.0172503 0.00806178 0.00452788 0.000300638 0.00295459 0.0017858 
7 0.489236 0.503965 0.0053292 0.00068202 0.000551707 0 0.000157475 0 7.87447e-05 0 
8 0.576463 0.308092 0.0607106 0.030952 0.0117615 0.00549667 0.00308719 0.00020498 0.00201449 0.00121759 
9 0.61505 0.228919 0.0961771 0.0288467 0.0190894 0.00453162 0.00391541 0.00240365 0.00106678 0 
10 0.604252 0.291977 0.0484891 0.0268154 0.0180546 0.00476089 0.00267395 0.000177542 0.00174484 0.00105461 
11 0.620616 0.122317 0.135608 0.057816 0.031543 0.0179089 0.00888704 0.00229545 0.00129455 0.00171471 
12 0.815453 0.099722 0.0824976 0.00107986 0.000873536 0 0.000249336 0 0.000124679 0 
13 0.653302 0.173716 0.112223 0.0292962 0.0193701 0.00459826 0.00397299 0.002439 0.00108247 0 
14 0.425702 0.102475 0.23801 0.103363 0.0964171 0.0105152 0.0132655 0.00805378 0.00219922 0 
15 0.504219 0.157469 0.165948 0.0743987 0.0377102 0.0256057 0.022152 0.00706519 0.00380376 0.00162964 
16 0.942244 0.0485043 0.0026054 0.00632412 0.000232116 0 5.98406e-05 0 2.9923e-05 0 
17 0.983587 0.0144731 0.00114675 0.000284117 0.000221127 0.000120717 8.49466e-05 4.63604e-05 3.59196e-05 0 
18 0.9255 0.0466241 0.0156104 0.00493887 0.00363124 0.00206167 0.00102308 0.000264253 0.000149029 0.000197397 
19 0.974524 0.0198341 0.00535989 0.00013171 0.00010541 0 3.00875e-05 0 1.50451e-05 0 
20 0.616731 0.155469 0.121749 0.0506731 0.0274465 0.015583 0.00773288 0.00199734 0.00112643 0.00149202 
21 0.507921 0.292843 0.110695 0.0500695 0.019026 0.00889167 0.00499399 0.000331586 0.00325874 0.00196964 
22 0.6529 0.181468 0.0962644 0.0364532 0.0202641 0.00481049 0.00415636 0.00255157 0.00113243 0 
23 0.811869 0.0849906 0.10143 0.000793371 0.000641782 0 0.000183186 0 9.16009e-05 0 
24 0.813715 0.180068 0.00487328 0.000623665 0.000504502 0 0.000144002 0 7.20072e-05 0 
25 0.354485 0.10163 0.266666 0.107304 0.129597 0.0124566 0.0157145 0.00954063 0.00260523 0 
26 0.489195 0.16224 0.171015 0.0917658 0.0388529 0.0251261 0.0118005 0.00440604 0.00391902 0.00167903 
27 0.533334 0.466484 0.000114049 5.00067e-05 0 0 1.84942e-05 0 0 0 
28 0.496911 0.155187 0.179679 0.0860981 0.0372354 0.0240336 0.0112875 0.00421447 0.00374863 0.00160602 
29 0.814895 0.0709907 0.113088 0.000476031 0.000385069 0 0.000109911 0 5.49606e-05 0 
30 0.624327 0.12608 0.139781 0.0442098 0.0325136 0.0184599 0.00916049 0.00236608 0.00133438 0.00176747 
31 0.881578 0.0937515 0.0145571 0.00362249 0.00281937 0.00153914 0.00108307 0.000591096 0.000457976 0 
32 0.531363 0.274051 0.101959 0.0523804 0.0199041 0.00930205 0.00522448 0.00034689 0.00340914 0.00206054 
33 0.83923 0.160571 0.000121913 5.60553e-05 0 0 2.07312e-05 0 0 0 
34 0.614868 0.139742 0.137242 0.04354 0.0320209 0.0181802 0.00902169 0.00233023 0.00131416 0.00174069 
35 0.792911 0.198042 0.00711349 0.000897118 0.000725707 0 0.000207141 0 0.00010358 0 
36 0.663261 0.176051 0.0841227 0.0299282 0.0343642 0.00466689 0.00403229 0.0024754 0.00109863 0 
37 0.283316 0.223651 0.22074 0.184337 0.0234976 0.0254595 0.0331037 0 0 0.00589591 
38 0.354486 0.117014 0.266666 0.1073 0.114217 0.0124564 0.0157145 0.00954063 0.00260523 0 
39 0.418804 0.563114 0.0175758 0.000369045 0 0 0.00013648 0 0 0 
40 0.511699 0.193216 0.167138 0.0449536 0.0555769 0.0128434 0.00649431 0.00335859 0.00165036 0.00306921 
41 0.6529 0.196852 0.0867111 0.0306219 0.0202641 0.00481049 0.00415636 0.00255157 0.00113243 0 
42 0.624327 0.12608 0.124397 0.0595944 0.0325136 0.0184599 0.00916049 0.00236608 0.00133438 0.00176747 
43 0.953942 0.0434152 0.00231878 0.00015029 0.000121575 0 3.47014e-05 0 1.73522e-05 0 
44 0.551974 0.275233 0.0842522 0.0500695 0.019026 0.00889167 0.00499399 0.000331586 0.00325874 0.00196964 
45 0.685878 0.113832 0.0998245 0.042558 0.0313557 0.0148135 0.00735101 0.00189871 0.0010708 0.00141834 
46 0.677681 0.170255 0.0930643 0.028435 0.0188167 0.00446688 0.00385948 0.00236931 0.00105154 0 
47 0.532428 0.28837 0.0865745 0.0523804 0.0199041 0.00930205 0.00522448 0.00034689 0.00340915 0.00206054 
48 0.897925 0.0747483 0.0161248 0.00401261 0.003123 0.00170489 0.00119971 0.000654752 0.000507296 0 
49 0.920163 0.0472477 0.0098905 0.0206402 0.000894251 0.000488185 0.000343529 0.000187484 0.000145261 0 
50 0.602522 0.272652 0.0674851 0.0324259 0.0123216 0.00575841 0.0032342 0.000214741 0.00211042 0.00127557 
51 0.625997 0.13873 0.125461 0.0442098 0.0325136 0.0184599 0.00916049 0.00236608 0.00133438 0.00176747 
52 0.42141 0.479602 0.0684253 0.0172836 0.00656736 0.00306921 0.00172381 0.000114456 0.00112485 0.000679875 
53 0.53237 0.15101 0.162672 0.0443293 0.0825828 0.012665 0.00640412 0.00331194 0.00162744 0.00302659 
54 0.873061 0.111886 0.00888238 0.00221033 0.00172029 0.000939136 0.000660856 0.000360668 0.000279443 0 
55 0.498337 0.156434 0.221852 0.0637803 0.0269926 0.017456 0.00819827 0.00306104 0.00272269 0.00116648 
56 0.607719 0.160642 0.118788 0.0532538 0.0269926 0.017456 0.00819827 0.00306104 0.00272269 0.00116648 
57 0.745527 0.104516 0.0838443 0.0266308 0.0195683 0.0111101 0.00551326 0.00142403 0.0008031 0.00106375 
58 0.6529 0.196852 0.0867111 0.0306219 0.0202641 0.00481049 0.00415636 0.00255157 0.00113243 0 
59 0.526754 0.296759 0.0852623 0.0515867 0.0196026 0.00916111 0.00514532 0.000341634 0.00335749 0.00202932 
60 0.36987 0.10163 0.266666 0.1073 0.114217 0.0124564 0.0157145 0.00954063 0.00260523 0 
61 0.590785 0.25961 0.0724154 0.0436503 0.0165868 0.00775171 0.00435373 0.000289075 0.00284095 0.00171712 
62 0.651817 0.188761 0.0847289 0.04476 0.0170956 0.00587023 0.003297 0.000218911 0.0021514 0.00130034 
63 0.624327 0.12608 0.139781 0.0442098 0.0325136 0.0184599 0.00916049 0.00236608 0.00133438 0.00176747 
64 0.696123 0.180255 0.0713446 0.0251952 0.016673 0.003958 0.00341979 0.00209939 0.000931747 0 
65 0.543257 0.277541 0.086574 0.0523804 0.0199041 0.00930205 0.00522448 0.00034689 0.00340914 0.00206054 
66 0.497395 0.182654 0.180195 0.0491032 0.0607071 0.0140289 0.00709379 0.00366861 0.0018027 0.00335253 
67 0.497395 0.167273 0.195571 0.0491072 0.0607071 0.0140289 0.00709379 0.00366861 0.0018027 0.00335253 
68 0.481336 0.164736 0.188991 0.0778325 0.0394507 0.0255126 0.0119821 0.00447382 0.00397931 0.00170486 
69 0.6529 0.181468 0.102096 0.0306219 0.0202641 0.00481049 0.00415636 0.00255157 0.00113243 0 
70 0.941157 0.0520246 0.00326065 0.00313548 0.000299839 0 8.13543e-05 0 4.06808e-05 0 
71 0.946652 0.049311 0.00316459 0.000404949 0.000327576 0 9.3501e-05 0 4.67546e-05 0 
72 0.558556 0.257016 0.088485 0.0577943 0.0202795 0.00817072 0.00458907 0.000304701 0.00299452 0.00180994 
73 0.584436 0.276883 0.0753041 0.0358393 0.0136186 0.00636456 0.00357464 0.000237346 0.00233257 0.00140984 
74 0.482434 0.176771 0.175859 0.0778325 0.0394507 0.0255126 0.0119821 0.00447382 0.00397931 0.00170486 
75 0.892608 0.0705384 0.0212688 0.00751103 0.00497045 0.00117993 0.00101948 0.000625856 0.000277766 0 
76 0.966609 0.0280454 0.00303842 0.000367812 0.00158534 0.00014916 0.000104113 5.68209e-05 4.40244e-05 0 
77 0.68687 0.105137 0.116484 0.0368415 0.0270946 0.0153832 0.00763374 0.00197173 0.00111198 0.00147289 
78 0.204315 0.423502 0.130187 0.0972548 0.0622299 0.0420217 0.0249906 0.00752935 0.00400919 0.00395993 
79 0.497395 0.167274 0.195575 0.0491032 0.0607071 0.0140289 0.00709379 0.00366861 0.0018027 0.00335253 
80 0.552038 0.261961 0.0827546 0.0500695 0.019026 0.00889167 0.00499399 0.00033175 0.0179645 0.00196964 
81 0.647969 0.129165 0.129667 0.0392235 0.0267517 0.0151885 0.00753711 0.00194677 0.00109791 0.00145425 
82 0.774329 0.134331 0.0527427 0.0186021 0.01231 0.00292226 0.00252489 0.00155002 0.000687926 0 
83 0.293363 0.199141 0.25129 0.177888 0.0209226 0.0226694 0.0294759 0 0 0.00524978 
84 0.538464 0.269898 0.0852623 0.0517196 0.0346212 0.00916111 0.00514532 0.000341634 0.00335749 0.00202932 
85 0.86326 0.0880837 0.0391998 0.00338727 0.0026363 0.0014392 0.00101274 0.000552713 0.000428237 0 
86 0.354485 0.10163 0.266666 0.108309 0.128592 0.0124564 0.0157145 0.00954063 0.00260523 0 
87 0.772903 0.211095 0.00944248 0.00234972 0.00182878 0.000998361 0.000702532 0.000383413 0.000297065 0 
88 0.865359 0.101276 0.0245916 0.0031424 0.00244572 0.00133516 0.000939531 0.000512758 0.00039728 0 
89 0.204279 0.423627 0.130099 0.0972548 0.0622299 0.0420217 0.0249906 0.00752935 0.00400919 0.00395993 
90 0.537312 0.286853 0.0872939 0.0500695 0.019026 0.00889167 0.00499399 0.000331586 0.00325874 0.00196964 
91 0.63341 0.190976 0.0990481 0.0297078 0.0196592 0.00466689 0.00403229 0.0024754 0.016024 0 
92 0.531363 0.289435 0.086574 0.0523804 0.0199041 0.00930205 0.00522448 0.00034689 0.00340914 0.00206054 
93 0.283322 0.233939 0.210446 0.184337 0.0234976 0.0254595 0.0331037 0 0 0.00589591 
94 0.497395 0.167273 0.180191 0.0491035 0.0759936 0.0141267 0.00709379 0.00366861 0.0018027 0.00335253 
95 0.176038 0.201643 0.158939 0.106743 0.240273 1.29036e-06 0.0969685 0 0.019394 0 
96 0.481336 0.164736 0.173607 0.0778325 0.0394507 0.0257167 0.0271626 0.00447382 0.00397931 0.00170486 
97 0.407613 0.0841308 0.341237 0.0500755 0.0565106 0.0451699 0.00508831 0 0.00508945 0.0050855 
98 0.563047 0.174809 0.134515 0.0602276 0.0305273 0.0197419 0.00927185 0.00346189 0.00307923 0.00131923 
99 0.658158 0.178719 0.0853973 0.0301579 0.0199571 0.00473905 0.0192423 0.00251407 0.00111527 0 
100 0.204279 0.409252 0.129089 0.104035 0.0706298 0.0422258 0.0249906 0.00752935 0.00400919 0.00395993 
101 0.906901 0.0710068 0.0133196 0.0031424 0.00244572 0.00133516 0.000939531 0.000512758 0.00039728 0 
102 0.646958 0.113826 0.139137 0.040855 0.0293525 0.0166652 0.00826989 0.00213604 0.00120465 0.00159563 
103 0.630019 0.12417 0.122519 0.0586411 0.0320643 0.0181802 0.00902169 0.00233023 0.00131416 0.00174069 
104 0.632932 0.13286 0.124397 0.0442098 0.0325136 0.0184599 0.00916049 0.00236608 0.00133438 0.00176747 
105 0.858765 0.141022 0.000130767 6.01137e-05 0 0 2.22321e-05 0 0 0 
106 0.741913 0.248234 0.00772289 0.000988351 0.000799508 0 0.000228206 0 0.000114113 0 
107 0.504863 0.159893 0.186947 0.0616427 0.0580289 0.01341 0.00678083 0.00350676 0.00172317 0.00320462 
108 0.625496 0.121217 0.129493 0.0610801 0.031086 0.0176455 0.00875635 0.00226169 0.00127551 0.00168949 
109 0.550547 0.25448 0.0944921 0.0489395 0.0326451 0.00864376 0.0048513 0.000322112 0.00316563 0.00191336 
110 0.870265 0.118904 0.00639095 0.00159036 0.00123777 0.00067572 0.000475494 0.000259505 0.000201063 0 
111 0.540075 0.283439 0.0852623 0.0515867 0.0196026 0.00916111 0.00514532 0.000341634 0.00335749 0.00202932 
112 0.354485 0.10163 0.266666 0.1073 0.129602 0.0124564 0.0157145 0.00954063 0.00260523 0 
113 0.354485 0.10163 0.282051 0.1073 0.114217 0.0124564 0.0157145 0.00954063 0.00260523 0 
114 0 0 0.999999 0 0 0 0 0 0 0 
115 0.958112 0.0374025 0.00264676 0.000658635 0.000512613 0.000279844 0.000196922 0.000107472 8.32683e-05 0 
116 0.670239 0.114924 0.124486 0.0363752 0.0267517 0.0151885 0.00753711 0.00194677 0.00109791 0.00145425 
117 0.592284 0.270633 0.0662501 0.0400556 0.0152208 0.00711333 0.00399519 0.000265269 0.00260699 0.00157571 
118 0.631665 0.13167 0.118727 0.0417094 0.045059 0.0173898 0.00862945 0.00222891 0.00125703 0.00166501 
119 0.204279 0.409252 0.129089 0.0972548 0.0622299 0.0420217 0.0249911 0.0229134 0.00400919 0.00395993 
120 0.630019 0.12417 0.122512 0.0435399 0.0326119 0.0327408 0.00902171 0.00233023 0.00131416 0.00174069 
121 0.476121 0.148806 0.170463 0.125975 0.0356161 0.0230322 0.0108172 0.00403887 0.00359244 0.00153911 
122 0.519568 0.159894 0.172241 0.0469369 0.058029 0.0281157 0.00678083 0.00350676 0.00172317 0.00320462 
123 0.283891 0.70283 0.0128994 0.000276774 0 0 0.00010236 0 0 0 
124 0.516472 0.15015 0.182873 0.0779196 0.0328756 0.0212605 0.00998507 0.00372818 0.0033161 0.00142071 
125 0.510772 0.163827 0.164831 0.0825409 0.0355977 0.0227167 0.010669 0.00398354 0.00354322 0.00151802 
126 0.481336 0.164736 0.173607 0.0778325 0.0394614 0.0408827 0.0119859 0.00447382 0.00397931 0.00170486 
127 0.455532 0.138774 0.213426 0.126434 0.0298176 0.0192828 0.00905623 0.00338138 0.00300762 0.00128855 
128 0.624327 0.12608 0.124399 0.0595916 0.0325136 0.0184599 0.00916049 0.00236608 0.00133438 0.00176747 
129 0.481336 0.164736 0.173607 0.0778574 0.0548104 0.0255127 0.0119821 0.00447382 0.00397931 0.00170486 
130 0.652383 0.108289 0.145409 0.0378129 0.0278076 0.0157881 0.00783463 0.00202362 0.00114125 0.00151165 
131 0.506676 0.158235 0.198816 0.0431429 0.066826 0.0123227 0.00623103 0.00322243 0.00158345 0.00294479 
132 0.557907 0.33008 0.0541215 0.0327377 0.0124401 0.00581378 0.0032653 0.000216806 0.00213072 0.00128784 
133 0.546549 0.348195 0.0530467 0.0319294 0.0100292 0.00468708 0.00263249 0.00017479 0.00171779 0.00103826 
134 0.827675 0.134537 0.0153451 0.00339001 0.0156206 0.0014392 0.00101274 0.000552713 0.000428237 0 
135 0.626198 0.135221 0.133614 0.0422594 0.0310791 0.0176455 0.00875635 0.00226169 0.00127551 0.00168949 
136 0.531363 0.289435 0.086574 0.0523804 0.0199041 0.00930205 0.00522448 0.00034689 0.00340914 0.00206054 
137 0.481336 0.180121 0.173607 0.0778325 0.0394507 0.0255126 0.0119821 0.00447382 0.00397931 0.00170486 
138 0.491037 0.178506 0.177667 0.0635106 0.0597873 0.0138164 0.00698631 0.00361302 0.00177538 0.00330173 
139 0.678143 0.203042 0.0770981 0.0201058 0.0133047 0.0031584 0.00272892 0.00167527 0.000743516 0 
140 0.481336 0.165662 0.188063 0.0778353 0.0394507 0.0255126 0.0119821 0.00447382 0.00397931 0.00170486 
141 0.204279 0.409252 0.129089 0.0972549 0.0776145 0.0420217 0.0249906 0.00752935 0.00400919 0.00395993 
142 0.294175 0.220262 0.206942 0.191997 0.0231416 0.0250737 0.0326021 0 0 0.00580658 
143 0.672819 0.179209 0.0853973 0.0301579 0.0199571 0.0047376 0.00409338 0.00251291 0.00111527 0 
144 0.481336 0.164736 0.173607 0.0778325 0.0394514 0.0408956 0.011983 0.00447382 0.00397931 0.00170486 
145 0.481336 0.180098 0.17363 0.0778325 0.0394507 0.0255126 0.0119821 0.00447382 0.00397931 0.00170486 
146 0.170425 0.203001 0 0.206157 0.330906 0 0.0895105 0 0 0 
147 0.765722 0.21718 0.0134014 0.00171508 0.00138738 0 0.000396004 0 0.00019802 0 
148 0.575655 0.107003 0.163706 0.0699304 0.0618676 0.00674724 0.00851202 0.00516784 0.00141116 0 
149 0.602455 0.16144 0.147173 0.0565663 0.0135792 0.00322352 0.00278519 0.00171045 0.0110675 0 
150 0.354485 0.10163 0.266666 0.1073 0.119489 0.022569 0.0157145 0.00954063 0.00260523 0 
151 0.97091 0.0272548 0.00147066 0.000169268 0.000136926 0 3.90831e-05 0 1.95433e-05 0 
152 0.538045 0.204706 0.149104 0.0889089 0.00951391 0.00444583 0.00249699 0.000165793 0.00162937 0.000984818 
153 0.531558 0.0978507 0.275523 0.0629958 0.0145729 0.00936904 0.0044002 0.00164293 0.00146133 0.000626077 
154 0.550896 0.118002 0.211253 0.0901563 0.0136444 0.00859233 0.00403542 0.00150673 0.00134018 0.000574174 
155 0.71313 0.195307 0.0536745 0.0182608 0.0120841 0.00286864 0.00247856 0.00152158 0.000675303 0 
156 0.529047 0.180756 0.155 0.0391266 0.0601423 0.0233101 0.00562313 0.00290804 0.00142897 0.00265749 
157 0.469661 0.146708 0.223067 0.0693411 0.0487918 0.0227171 0.010669 0.00398354 0.00354323 0.00151802 
158 0.588334 0.205545 0.124743 0.0287672 0.0352318 0.00814178 0.00411693 0.0021291 0.00104621 0.00194566 
159 0.483532 0.21051 0.178012 0.0449536 0.0555769 0.0128434 0.00649431 0.00335859 0.00165036 0.00306921 
160 0.283316 0.223651 0.205356 0.184337 0.0234976 0.0254642 0.0484835 0 0 0.00589591 
161 0.639885 0.221127 0.0721957 0.0380442 0.0142172 0.00664432 0.00373177 0.000247779 0.0024351 0.00147182 
162 0.636864 0.131383 0.129785 0.041052 0.0301912 0.0171413 0.00850617 0.00219707 0.00123907 0.00164122 
163 0.6529 0.181484 0.10208 0.0306219 0.0202641 0.00481049 0.00415636 0.00255157 0.00113243 0 
164 0.531366 0.289247 0.086759 0.0523804 0.0199041 0.00930205 0.00522448 0.00034689 0.00340915 0.00206054 
165 0.481336 0.164912 0.188499 0.0781487 0.0394507 0.0255126 0.0119821 0.00447382 0.00397931 0.00170486 
166 0.531363 0.274051 0.0868177 0.0675213 0.0199041 0.00930205 0.00522448 0.00034689 0.00340914 0.00206054 
167 0.512267 0.167786 0.180191 0.0491032 0.0607071 0.0140289 0.00709379 0.00366861 0.0018027 0.00335253 
168 0.354485 0.10163 0.267244 0.120926 0.115398 0.0124564 0.0157145 0.00954063 0.00260523 0 
169 0.481336 0.164736 0.173607 0.0932061 0.0394615 0.0255126 0.0119821 0.00447382 0.00397931 0.00170486 
170 0.740145 0.150239 0.0802366 0.0174934 0.0073176 0.00173712 0.00150091 0.0009214 0.000408934 0 
171 0.624327 0.12608 0.124397 0.0442098 0.0325136 0.0184599 0.00918222 0.0177288 0.00133454 0.00176747 
172 0.677673 0.289745 0.0181312 0.00842371 0.00371034 0.000880794 0.000761023 0.000467189 0.000207347 0 
173 0.537497 0.155508 0.164964 0.0449551 0.0696278 0.0128755 0.00649431 0.00335859 0.00165036 0.00306921 
174 0.663077 0.126062 0.108956 0.049259 0.026094 0.0148135 0.00735101 0.00189871 0.0010708 0.00141834 
175 0.555786 0.256237 0.103868 0.0589381 0.0154961 0.00367861 0.00317839 0.0019512 0.000865977 0 
176 0.570955 0.250902 0.0792579 0.0479539 0.0182221 0.00851596 0.00478297 0.000317575 0.00312105 0.0159709 
177 0.481894 0.174744 0.168427 0.090432 0.038273 0.024751 0.0116244 0.00434027 0.00386053 0.00165397 
178 0.636786 0.11674 0.139604 0.0477652 0.0308663 0.0151563 0.00708032 0.00264362 0.00235141 0.00100742 
179 0.938144 0.0348849 0.0146271 0.00900574 0.00145007 0.000791558 0.000557007 0.000303992 0.00023553 0 
180 0.535892 0.148967 0.154581 0.0693029 0.0351314 0.0364112 0.010669 0.00398354 0.00354322 0.00151802 
181 0.914413 0.0758872 0.00856711 0.000525339 0.000424963 0 0.000121299 0 6.06547e-05 0 
182 0.523312 0.269898 0.0852623 0.0563705 0.0451217 0.00916119 0.00514532 0.000341634 0.00335749 0.00202932 
183 0.587648 0.173052 0.133938 0.0442456 0.036108 0.0139522 0.00692363 0.00178832 0.00100854 0.00133588 
184 0.624327 0.12608 0.124397 0.0445573 0.044041 0.0219695 0.00916049 0.00236608 0.00133438 0.00176747 
185 0.730474 0.254426 0.0118356 0.00151462 0.00122522 0 0.000349718 0 0.000174875 0 
186 0.614548 0.122658 0.144855 0.0416471 0.0326018 0.0299095 0.00862945 0.00222891 0.00125703 0.00166501 
187 0.405357 0.109765 0.3703 0.0395575 0.0362521 0.0289769 0.0032642 0 0.00326493 0.00326239 
188 0.115573 0.880747 0.0032474 0.000200733 0.000162378 0 4.63482e-05 0 2.31761e-05 0 
189 0.707042 0.280649 0.00728723 0.00179875 0.00139996 0.000764263 0.0005378 0.000293509 0.000227409 0 
190 0.611489 0.120524 0.148314 0.0422847 0.0457597 0.0176455 0.00875635 0.00226169 0.00127551 0.00168949 
191 0.0657173 0.934039 0.000149657 6.88348e-05 0 0 2.54575e-05 0 0 0 
192 0.746179 0.21042 0.0227817 0.01166 0.00443072 0.00207066 0.00116298 7.72187e-05 0.000758885 0.000458682 
193 0.537332 0.26196 0.0974604 0.0501632 0.0336381 0.00889167 0.00499399 0.000331586 0.00325874 0.00196964 
194 0.624327 0.141037 0.124824 0.0442098 0.0325136 0.0184599 0.00916049 0.00236608 0.00133438 0.00176747 
195 0.354485 0.10163 0.266666 0.108194 0.128708 0.0124564 0.0157145 0.00954063 0.00260523 0 
196 0.631635 0.215978 0.0677989 0.0410208 0.0155876 0.00728474 0.00409146 0.000271661 0.00266988 0.0136618 
197 0.283316 0.223651 0.207067 0.197944 0.0235638 0.0254595 0.0331037 0 0 0.00589591 
198 0.503497 0.245906 0.141149 0.0384543 0.0475417 0.0109865 0.00555538 0.00287301 0.00141175 0.00262547 
199 0.646102 0.118774 0.117185 0.0416469 0.0306288 0.0318819 0.00862993 0.00222891 0.00125703 0.00166501 
200 0.827574 0.156924 0.0121506 0.001555 0.00125789 0 0.000359044 0 0.000179538 0 
201 0.879719 0.104324 0.0141091 0.00085754 0.00069369 0 0.000198002 0 9.90098e-05 0 
202 0.64089 0.120529 0.118909 0.0422594 0.0310802 0.0323249 0.00878176 0.00226169 0.00127551 0.00168949 
203 0.201184 0.418202 0.127139 0.110927 0.0612871 0.041385 0.0246119 0.00741527 0.00394845 0.00389993 
204 0.861136 0.058374 0.0741988 0.00226301 0.00174995 0.000955328 0.00067225 0.000366887 0.000284261 0 
205 0.481336 0.164736 0.1745 0.0923214 0.0394526 0.0255126 0.0119821 0.00447382 0.00397931 0.00170486 
206 0.398249 0.60031 0.000884169 0.000406687 0 0 0.000150407 0 0 0 
207 0.931441 0.0425585 0.0217912 0.00150763 0.00117338 0.000640567 0.000450757 0.000246005 0.000190603 0 
208 0.616581 0.134641 0.142244 0.0428901 0.031543 0.0179089 0.00888704 0.00229545 0.00129455 0.00171471 
209 0.503217 0.229911 0.150408 0.0409193 0.0505893 0.0116908 0.00591149 0.00305717 0.00150225 0.00279377 
210 0.631514 0.118872 0.131718 0.0560979 0.0306287 0.0173898 0.00862945 0.00222891 0.00125703 0.00166501 
211 0.378361 0.1085 0.259346 0.0982339 0.118649 0.0114038 0.0143865 0.00873438 0.00238507 0 
212 0.624327 0.12608 0.124397 0.0442098 0.0368847 0.0294734 0.00916049 0.00236608 0.00133438 0.00176747 
213 0.481336 0.164736 0.173607 0.0778325 0.0394507 0.0408972 0.0119821 0.00447382 0.00397931 0.00170486 
214 0.744166 0.15618 0.0575126 0.0203104 0.0134405 0.00319063 0.00275677 0.00169237 0.000751103 0 
215 0.667761 0.321373 0.00851677 0.00108996 0.0008817 0 0.000251666 0 0.000125844 0 
216 0.204279 0.409252 0.129089 0.0972548 0.0622301 0.0574061 0.0249906 0.00752935 0.00400919 0.00395993 
217 0.443043 0.303325 0.142849 0.0389232 0.0481215 0.0111205 0.00562313 0.00290804 0.00142897 0.00265749 
218 0.521401 0.187641 0.221357 0.0504989 0.0117607 0.0027918 0.00241217 0.00148082 0.000657215 0 
219 0.338709 0.0945837 0.401929 0.0587488 0.0512363 0.0409541 0.0046134 0 0.00461443 0.00461085 
220 0.518383 0.152971 0.163605 0.08416 0.0366328 0.0236903 0.0111262 0.00415426 0.00369508 0.00158308 
221 0.285028 0.638721 0.0339569 0.0205104 0.00791584 0.00954425 0.0020459 0.00013583 0.00133491 0.000806839 
222 0.309173 0.347705 0.192949 0.102129 0.0128348 0.0139064 0.0180818 0 0 0.00322046 
223 0.508188 0.305977 0.0893654 0.082138 0.00714515 0.00328605 0.0018456 0.000122543 0.00120432 0.000727909 
224 0.478609 0.169551 0.191016 0.076321 0.038273 0.024751 0.0116244 0.00434028 0.00386053 0.00165397 
225 0.702818 0.109507 0.123611 0.0210565 0.0308419 0.00569938 0.00288185 0.00149037 0.000732346 0.00136196 
226 0.475067 0.267601 0.148681 0.0514623 0.025902 0.0167507 0.00786703 0.00293736 0.00261268 0.00111935 
227 0.632156 0.114848 0.15386 0.0399116 0.0293525 0.0166652 0.00826989 0.00213604 0.00120465 0.00159563 
228 0.534984 0.273378 0.0852623 0.0515867 0.0196027 0.0243125 0.00514532 0.000341634 0.00335749 0.00202932 
229 0.563306 0.256007 0.0803901 0.0486693 0.0327377 0.00863762 0.0048513 0.000322112 0.00316563 0.00191336 
230 0.621853 0.24588 0.0812806 0.0245731 0.0162613 0.00386027 0.00333535 0.00204755 0.000908741 0 
231 0.624327 0.12608 0.128743 0.0551363 0.0326257 0.0184599 0.00916049 0.00236608 0.00133438 0.00176747 
232 0.481336 0.164849 0.188687 0.078025 0.0394507 0.0255126 0.0119821 0.00447382 0.00397931 0.00170486 
233 0.170376 0.570962 0.0930212 0.0724907 0.040049 0.0270437 0.016083 0.00484562 0.00258017 0.00254847 
234 0.395105 0.110438 0.261381 0.0975349 0.105761 0.0092008 0.0116073 0.00704705 0.00192431 0 
235 0.354485 0.10163 0.266666 0.107907 0.128994 0.0124564 0.0157145 0.00954063 0.00260523 0 
236 0.6529 0.181468 0.0867111 0.0306219 0.0202684 0.0201909 0.00415636 0.00255157 0.00113243 0 
237 0.828542 0.151939 0.0115177 0.00286615 0.00223071 0.00121778 0.000856935 0.00046768 0.000362355 0 
238 0.523935 0.201131 0.162927 0.0559498 0.025389 0.016419 0.00771124 0.00287919 0.00256094 0.00109718 
239 0.771558 0.122428 0.0578604 0.0205949 0.0201496 0.00281695 0.0024339 0.00149416 0.000663136 0 
240 0.775641 0.152013 0.0698072 0.00117803 0.000952948 0 0.000272003 0 0.000136014 0 
241 0.668712 0.120098 0.110724 0.035477 0.0260916 0.0271587 0.00735101 0.00189871 0.0010708 0.00141834 
242 0.614982 0.192314 0.102353 0.0363752 0.0267517 0.0151885 0.00753711 0.00194677 0.00109791 0.00145425 
243 0.945802 0.0350394 0.0165364 0.000940997 0.000730197 0.000398626 0.000280507 0.000153089 0.000118612 0 
244 0.66832 0.112443 0.109267 0.0395376 0.0369793 0.0206035 0.00804638 0.00207831 0.00117209 0.0015525 
245 0.544667 0.134362 0.16281 0.0759535 0.043968 0.0204731 0.00961525 0.0035901 0.00319328 0.00136809 
246 0.304483 0.223678 0.212191 0.177974 0.0218192 0.0236409 0.0307391 0 0 0.00547478 
247 0.489858 0.164739 0.177461 0.0483592 0.0597873 0.01514 0.0354932 0.00408553 0.00177538 0.00330173 
248 0.489858 0.164739 0.177461 0.063511 0.0749383 0.0138164 0.00698631 0.00361302 0.00177538 0.00330173 
249 0.489858 0.17989 0.177461 0.0483609 0.0734444 0.0153091 0.00698631 0.00361302 0.00177538 0.00330173 
250 0.837747 0.146393 0.00935816 0.00232874 0.00181245 0.000989447 0.000696259 0.00037999 0.000294413 0 
251 0.509431 0.186362 0.177805 0.0371069 0.0671754 0.0103623 0.00523973 0.00270977 0.00133154 0.0024763 
252 0.896122 0.0824081 0.0126976 0.0031424 0.00244572 0.00133516 0.000939531 0.000512758 0.00039728 0 
253 0.586685 0.250417 0.0748515 0.055749 0.0159725 0.00746461 0.00419248 0.000278369 0.00273573 0.00165352 
254 0.642003 0.198732 0.103452 0.0269006 0.0177996 0.00422543 0.00365085 0.00224124 0.000994703 0 
255 0.560669 0.329265 0.0576904 0.0296267 0.0112502 0.00525768 0.00295297 0.000196068 0.00192691 0.00116465 
256 0.216336 0.403051 0.127133 0.0957813 0.0612871 0.041385 0.0246119 0.00744244 0.0190727 0.0039 
257 0.204279 0.409252 0.129089 0.0972617 0.0775947 0.0420347 0.0249906 0.00752935 0.00400919 0.00395993 
258 0.867125 0.10343 0.0194702 0.00357287 0.00278075 0.00151806 0.00106823 0.000582998 0.000451702 0 
259 0.624327 0.12608 0.12848 0.0554553 0.032569 0.0184599 0.00916049 0.00236608 0.00133438 0.00176747 
260 0.489177 0.162258 0.170976 0.0766532 0.041771 0.0373595 0.0118005 0.00440604 0.00391902 0.00167903 
261 0.474043 0.183223 0.178512 0.078438 0.0388529 0.0251261 0.0118005 0.00440604 0.00391902 0.00167903 
262 0.8452 0.109294 0.0200917 0.00383558 0.00298522 0.0163356 0.00114678 0.000625866 0.000484916 0 
263 0.835796 0.137898 0.0101554 0.00243756 0.0018973 0.0103433 0.000766823 0.000397746 0.000308171 0 
264 0.396486 0.586731 0.0056279 0.0109383 0 0 0.000216763 0 0 0 
265 0.216306 0.40308 0.127133 0.0969947 0.0752252 0.041385 0.0246119 0.00741527 0.00394845 0.00389993 
266 0.622994 0.129765 0.143791 0.0416517 0.0306287 0.0173898 0.00862945 0.00222891 0.00125703 0.00166501 
267 0.63701 0.151512 0.112342 0.0399116 0.0293525 0.0166652 0.00826989 0.00213604 0.00120465 0.00159563 
268 0.711619 0.170519 0.0757117 0.0203182 0.0134405 0.00319063 0.00275677 0.00169237 0.000751103 0 
269 0.651465 0.112598 0.1242 0.0444705 0.0359585 0.0182831 0.0081566 0.00210678 0.00118815 0.00157377 
270 0.73575 0.126502 0.0922846 0.0183035 0.013461 0.00764263 0.00379256 0.000979587 0.000552451 0.000731754 
271 0.916401 0.066804 0.0124088 0.0015712 0.00122286 0.000667579 0.000469765 0.000256379 0.00019864 0 
272 0.630019 0.12417 0.122512 0.04354 0.0320839 0.0332688 0.00902169 0.00233023 0.00131416 0.00174069 
273 0.403281 0.473921 0.0546348 0.0427643 0.0125609 0.00587023 0.003297 0.000218911 0.0021514 0.00130034 
274 0.493857 0.325954 0.0852373 0.0460876 0.0309949 0.00817072 0.00458907 0.000304701 0.00299452 0.00180994 
275 0.690394 0.117844 0.109226 0.0376267 0.0222705 0.0126305 0.0062677 0.0016189 0.000912997 0.00120932 
276 0.54658 0.141675 0.166534 0.0716825 0.0333025 0.0215366 0.0101147 0.0037766 0.00335916 0.00143916 
277 0.544619 0.141579 0.198812 0.0404013 0.0499489 0.0115428 0.00583666 0.00301848 0.00148323 0.00275841 
278 0.489193 0.162242 0.170997 0.090188 0.0404491 0.0251261 0.0118005 0.00440604 0.00391902 0.00167903 
279 0.64577 0.170814 0.0974191 0.0346221 0.0254624 0.0144565 0.00717388 0.00185295 0.001045 0.00138416 
280 0.565331 0.268103 0.0741872 0.0510332 0.023947 0.00795574 0.0044683 0.000296682 0.00291572 0.00176231 
281 0.686086 0.148046 0.129086 0.0129256 0.0159756 0.00369182 0.00186679 0.000965423 0.000474394 0.000882244 
282 0.624327 0.12608 0.124397 0.0442098 0.0325189 0.0338384 0.00916123 0.00236608 0.00133438 0.00176747 
283 0.647745 0.122607 0.110882 0.0619114 0.0281784 0.0159986 0.00793909 0.0020506 0.00115646 0.0015318 
284 0.564491 0.311496 0.0717359 0.0251952 0.016673 0.003958 0.00341979 0.00209939 0.000931747 0 
285 0.497395 0.167273 0.195092 0.0495863 0.0607071 0.0140289 0.00709379 0.00366861 0.0018027 0.00335253 
286 0.740287 0.148711 0.0720401 0.0187776 0.0124261 0.00294983 0.00254871 0.00156464 0.000694416 0 
287 0.563629 0.276024 0.0781762 0.0490557 0.0163768 0.00765359 0.00429862 0.000285416 0.00280499 0.00169538 
288 0.628978 0.147131 0.118924 0.0422594 0.0310791 0.0176455 0.00875635 0.00226169 0.00127551 0.00168949 
289 0.216336 0.403051 0.127133 0.110743 0.0614765 0.041385 0.0246119 0.00741527 0.00394845 0.00389993 
290 0.354485 0.10163 0.266666 0.1073 0.114217 0.027841 0.0157146 0.00954063 0.00260523 0 
291 0.489195 0.16224 0.170976 0.0766532 0.0388874 0.0402363 0.0118073 0.00440604 0.00391902 0.00167903 
292 0.493581 0.163057 0.168424 0.0755156 0.0520412 0.0259018 0.0116244 0.00434027 0.00386053 0.00165397 
293 0.600182 0.245567 0.0686336 0.0537144 0.0157777 0.00737358 0.00414136 0.000274974 0.00270237 0.00163336 
294 0.517582 0.170987 0.153041 0.0683664 0.0346526 0.0224097 0.0105248 0.00392971 0.00349535 0.015011 
295 0.497395 0.167273 0.180191 0.0491032 0.0607071 0.0147723 0.0216046 0.00379899 0.0018027 0.00335253 
296 0.525165 0.318682 0.0694766 0.0420336 0.0159725 0.00746461 0.00419248 0.000278369 0.00273579 0.0139991 
297 0.402503 0.199084 0.179677 0.149854 0.0184018 0.0199381 0.0259246 0 0 0.00461728 
298 0.227483 0.397585 0.125236 0.0943911 0.0752583 0.0407673 0.0242446 0.00730459 0.00388952 0.00384173 
299 0.50501 0.164739 0.178999 0.0619725 0.0597873 0.0138164 0.00698631 0.00361302 0.00177538 0.00330173 
300 0.354486 0.10163 0.266674 0.122677 0.114217 0.0124564 0.0157145 0.00954063 0.00260523 0 
301 0.195267 0.408488 0.164486 0.0934039 0.0594845 0.0401678 0.0238881 0.00719717 0.00383232 0.00378523 
302 0.354485 0.10163 0.266666 0.1073 0.114217 0.0125084 0.0310471 0.00954067 0.00260523 0 
303 0.541053 0.148284 0.165786 0.0683664 0.0346526 0.0224097 0.0105248 0.00392971 0.00349534 0.00149751 
304 0.529063 0.217273 0.142881 0.0389232 0.0481215 0.0111205 0.00562313 0.00290804 0.00142897 0.00265749 
305 0.283316 0.223651 0.205356 0.199721 0.0234976 0.0254595 0.0331037 0 0 0.00589591 
306 0.570406 0.221365 0.123813 0.0398355 0.0201913 0.0130576 0.00613256 0.00228975 0.00203666 0.000872564 
307 0.204279 0.409252 0.129089 0.112639 0.0622299 0.0420217 0.0249906 0.00752935 0.00400919 0.00395993 
308 0.409217 0.162634 0.202431 0.162892 0.016784 0.0181853 0.0236455 0 0 0.00421137 
309 0.547276 0.284272 0.0817924 0.0543623 0.0159725 0.00746461 0.00419248 0.000278368 0.00273573 0.00165352 
310 0.657467 0.134539 0.10367 0.0488884 0.0278623 0.0153832 0.00763374 0.00197173 0.00111198 0.00147289 
311 0.266935 0.254246 0.22231 0.173651 0.0221355 0.0239835 0.0311846 0 0 0.00555412 
312 0.730457 0.141651 0.0830021 0.021635 0.014317 0.00339871 0.00293656 0.00180274 0.000800087 0 
313 0.257109 0.287057 0.210014 0.166415 0.0212131 0.0229842 0.0298853 0 0 0.0053227 
314 0.497395 0.167273 0.180191 0.0491032 0.0607406 0.026975 0.00949886 0.00366861 0.0018027 0.00335253 
315 0.651624 0.112575 0.124324 0.0396461 0.0423679 0.0164369 0.0081566 0.00210678 0.00118815 0.00157377 
316 0.283316 0.223651 0.220725 0.184352 0.0234976 0.0254595 0.0331037 0 0 0.00589591 
317 0.624327 0.141465 0.124397 0.0442098 0.0325136 0.0184599 0.00916049 0.00236608 0.00133438 0.00176747 
318 0.474043 0.189372 0.174148 0.0766532 0.0388529 0.0251261 0.0118005 0.00440604 0.00391902 0.00167903 
319 0.341925 0.12348 0.284189 0.102691 0.109178 0.0119069 0.0150212 0.00911972 0.00249029 0 
320 0.379758 0.0737791 0.371735 0.0523868 0.0591188 0.0472547 0.00532316 0 0.00532434 0.00532021 
321 0.445093 0.167273 0.170457 0.0659636 0.0999155 0.0326089 0.0101147 0.0037766 0.00335916 0.00143916 
322 0.354485 0.10163 0.266682 0.122668 0.114217 0.0124564 0.0157145 0.00954063 0.00260523 0 
323 0.541358 0.248608 0.12749 0.0467072 0.0177229 0.00828265 0.00465193 0.000308875 0.00303554 0.00183473 
324 0.354485 0.10163 0.282019 0.107332 0.114217 0.0124564 0.0157145 0.00954063 0.00260523 0 
325 0.201184 0.418191 0.127178 0.110737 0.0614493 0.041385 0.0246119 0.00741527 0.00394845 0.00389993 
326 0.476763 0.190319 0.165631 0.0863866 0.0366519 0.0236903 0.0111262 0.00415426 0.00369508 0.00158308 
327 0.531363 0.289435 0.086574 0.0523804 0.0199041 0.00930205 0.00522448 0.00034689 0.00340914 0.00206054 
328 0.531363 0.289435 0.086574 0.0523804 0.0199041 0.00930205 0.00522448 0.00034689 0.00340914 0.00206054 
329 0.63341 0.176051 0.128899 0.0297078 0.0196592 0.00466689 0.00403229 0.0024754 0.00109863 0 
330 0.438138 0.559993 0.00115023 0.000524412 0 0 0.000193946 0 0 0 
331 0.624095 0.201463 0.0987967 0.0294765 0.0340756 0.00459826 0.00397299 0.002439 0.00108247 0 
332 0.6529 0.181468 0.102096 0.0306219 0.0202641 0.00481049 0.00415636 0.00255157 0.00113243 0 
333 0.624327 0.141465 0.124397 0.0442098 0.0325136 0.0184599 0.00916049 0.00236608 0.00133438 0.00176747 
334 0.624327 0.141465 0.124397 0.0442098 0.0325136 0.0184599 0.00916049 0.00236608 0.00133438 0.00176747 
335 0.6529 0.196852 0.0867111 0.0306219 0.0202641 0.00481049 0.00415636 0.00255157 0.00113243 0 
336 0.6529 0.196852 0.0867111 0.0306219 0.0202641 0.00481049 0.00415636 0.00255157 0.00113243 0 
337 0.6529 0.190207 0.0933566 0.0306219 0.0202641 0.00481049 0.00415636 0.00255157 0.00113243 0 
338 0.531363 0.280696 0.095313 0.0523805 0.0199041 0.00930205 0.00522448 0.00034689 0.00340915 0.00206054 
339 0.6529 0.196852 0.0867111 0.0306219 0.0202641 0.00481049 0.00415636 0.00255157 0.00113243 0 
340 0.531363 0.289435 0.086574 0.0523804 0.0199041 0.00930205 0.00522448 0.00034689 0.00340914 0.00206054 
341 0.6529 0.196852 0.0867111 0.0306219 0.0202641 0.00481049 0.00415636 0.00255157 0.00113243 0 
342 0.626195 0.120942 0.13319 0.0424263 0.0456181 0.0176455 0.00875635 0.00226169 0.00127551 0.00168949 
343 0.470962 0.310211 0.120333 0.0282352 0.0552847 0.00719507 0.00346689 0.00179293 0.000881018 0.00163845 
344 0.524691 0.180532 0.181927 0.0532538 0.0269926 0.017456 0.00819827 0.00306104 0.00272269 0.00116648 
345 0.204924 0.421927 0.119868 0.0903081 0.0578018 0.0652558 0.0255245 0.00699154 0.00372282 0.00367708 
346 0.697289 0.181534 0.0644741 0.0294251 0.0166113 0.00487866 0.00273864 0.000181837 0.00178705 0.00108012 
347 0.294115 0.220324 0.216396 0.182542 0.0231416 0.0250737 0.0326021 0 0 0.00580658 
348 0.53235 0.164919 0.162672 0.0443373 0.0686859 0.012665 0.00640412 0.00331194 0.00162744 0.00302659 
349 0.474043 0.177392 0.184567 0.0782135 0.0388529 0.0251261 0.0118005 0.00440604 0.00391902 0.00167903 
350 0.178744 0.189366 0.161381 0.108387 0.243968 1.31022e-06 0.0984603 0 0.0196924 0 
351 0.474807 0.157469 0.193468 0.0909952 0.0377102 0.0243871 0.0114535 0.00427645 0.00380376 0.00162964 
352 0.627894 0.131377 0.140198 0.0404738 0.0297659 0.0168999 0.00838636 0.00216613 0.00122162 0.0016181 
353 0.66742 0.182332 0.0867111 0.0306219 0.0202641 0.00481049 0.00415636 0.00255157 0.00113243 0 
354 0.658159 0.19387 0.0853973 0.0301579 0.0199571 0.0047376 0.00409338 0.00251291 0.00111527 0 
355 0.440286 0.558032 0.00103153 0.000474468 0 0 0.000175475 0 0 0 
356 0.511949 0.162729 0.174812 0.0476374 0.0588949 0.0136101 0.00690614 0.0180413 0.00216794 0.00325245 
357 0.591992 0.256741 0.074119 0.0483518 0.0142658 0.00664432 0.00373177 0.000247779 0.0024351 0.00147182 
358 0.428387 0.569932 0.00103153 0.000474468 0 0 0.000175475 0 0 0 
359 0.497395 0.182655 0.180194 0.0491032 0.0607071 0.0140289 0.00709379 0.00366861 0.0018027 0.00335253 
360 0.545211 0.275587 0.086574 0.0523804 0.0199041 0.00930205 0.00522448 0.00034689 0.00340914 0.00206054 
361 0.531011 0.275346 0.108843 0.0479539 0.0182221 0.00851596 0.00478297 0.000317575 0.00312105 0.00188641 
362 0.54881 0.152421 0.146551 0.0657028 0.0333025 0.0215366 0.0101147 0.00377672 0.016346 0.00143918 
363 0.489513 0.157469 0.166037 0.0890096 0.0377197 0.039 0.0115426 0.00427645 0.00380376 0.00162964 
364 0.57882 0.239205 0.0867087 0.0573095 0.0203258 0.00806178 0.00452788 0.000300638 0.00295459 0.0017858 
365 0.556613 0.260081 0.0815607 0.0638262 0.0187552 0.0087628 0.00492161 0.00032678 0.00321151 0.00194109 
366 0.46343 0.0620274 0.314059 0.0442225 0.0499054 0.0398918 0.0174792 0 0.00449458 0.00449109 
367 0.655337 0.204847 0.086181 0.0258496 0.0171061 0.0040608 0.00350861 0.00215392 0.000955949 0 
368 0.61712 0.118771 0.146171 0.0416469 0.0306323 0.0316328 0.00887556 0.00222891 0.00125703 0.00166501 
369 0.503986 0.162652 0.180828 0.073899 0.0356152 0.0230322 0.0108172 0.00403887 0.00359244 0.00153911 
370 0.619519 0.138336 0.120686 0.0428972 0.0453406 0.0190295 0.00888704 0.00229545 0.00129455 0.00171471 
371 0.283316 0.223651 0.205356 0.184337 0.0234976 0.040844 0.0331037 0 0 0.00589591 
372 0.481336 0.164736 0.173607 0.0778325 0.0395254 0.0353253 0.0174793 0.00447382 0.00397931 0.00170486 
373 0.489195 0.16224 0.170976 0.0766532 0.0388529 0.0251286 0.0269495 0.00440604 0.00391902 0.00167903 
374 0.529544 0.272652 0.0815628 0.0783272 0.0187503 0.0087628 0.00492161 0.00032678 0.00321151 0.00194109 
375 0.417625 0.217729 0.241647 0.0459175 0.0559226 0.00991174 0.00501192 0.00259195 0.00127365 0.00236863 
376 0.490771 0.308935 0.0942022 0.0517934 0.0269961 0.0188475 0.00400642 0.000265269 0.00260699 0.00157571 
377 0.764858 0.188929 0.038707 0.00268892 0.00209273 0.00114245 0.000803928 0.000438751 0.000339941 0 
378 0.870822 0.102265 0.0158805 0.00395181 0.00307568 0.00167906 0.00118153 0.000644832 0.00049961 0 
379 0.481336 0.17156 0.182157 0.0778428 0.0394507 0.0255126 0.0119821 0.00447382 0.00397931 0.00170486 
380 0.4899 0.171557 0.173607 0.0778325 0.0394507 0.0255126 0.0119821 0.00447382 0.00397931 0.00170486 
381 0.283549 0.203224 0.26197 0.171852 0.0212131 0.0229842 0.0298853 0 0 0.0053227 
382 0.8714 0.117201 0.00893425 0.00114339 0.000924921 0 0.000264003 0 0.000132013 0 
383 0.403353 0.0917507 0.255243 0.110141 0.103114 0.0112454 0.0141867 0.00861307 0.00235194 0 
384 0.279023 0.220262 0.204844 0.209247 0.0231416 0.0250737 0.0326021 0 0 0.00580658 
385 0.338846 0.0971472 0.284146 0.104553 0.136769 0.0119069 0.0150212 0.00911972 0.00249029 0 
386 0.602005 0.171293 0.135368 0.0434223 0.0237459 0.0134819 0.00669025 0.00172804 0.000974548 0.00129085 
387 0.368257 0.0971475 0.254902 0.102604 0.122197 0.0282618 0.0150212 0.00911972 0.00249029 0 
388 0.516888 0.174922 0.18543 0.0431312 0.0533238 0.0123227 0.00623103 0.00322243 0.00158345 0.00294479 
389 0.537332 0.261961 0.0983103 0.0639237 0.0190268 0.00889167 0.00499399 0.000331586 0.00325874 0.00196964 
390 0.794152 0.175811 0.0126568 0.0016198 0.0013103 0 0.0142629 0 0.000187019 0 
391 0.481336 0.164736 0.173607 0.0778325 0.0399 0.0401559 0.0122741 0.00447382 0.00397931 0.00170486 
392 0.491095 0.144141 0.218574 0.0686583 0.0519206 0.0119984 0.00606706 0.00313763 0.00154178 0.00286729 
393 0.849625 0.125799 0.0103556 0.00132529 0.00107207 0 0.0116678 1.89391e-06 0.000153015 0 
394 0.640471 0.120948 0.118909 0.0494121 0.0380293 0.0182484 0.00875635 0.00226169 0.00127551 0.00168949 
395 0.77345 0.197407 0.0111422 0.0131329 0.00211453 0.00115435 0.000812302 0.000443322 0.000343482 0 
396 0.497395 0.167273 0.180191 0.0492439 0.075951 0.0140289 0.00709379 0.00366861 0.0018027 0.00335253 
397 0.216334 0.403052 0.127133 0.0957813 0.0612871 0.0415668 0.0395816 0.00741527 0.00394845 0.00389993 
398 0.61472 0.121067 0.121582 0.0797812 0.0241947 0.0156445 0.00734751 0.00274341 0.0118739 0.00104563 
399 0.515147 0.218497 0.200194 0.0374149 0.0142172 0.00664432 0.00373177 0.000247779 0.0024351 0.00147182 
400 0.657418 0.234727 0.0521071 0.0315252 0.0119793 0.00559846 0.00314436 0.000208776 0.0020518 0.00124014 
401 0.738367 0.234632 0.0237366 0.00151462 0.00122522 0 0.000349718 0 0.000174875 0 
