2 0.995306 0.00460443 6.38374e-05 1.26522e-05 5.06105e-06 3.03538e-06 2.02433e-06 2.53223e-06 0 0 
3 0.776011 0.192144 0.00825493 0.0124911 0.00688244 0.00257676 0.00120475 0.000210796 0.000224337 0 
4 0.997348 0.00159847 0.000645486 0.000201526 9.97587e-05 9.0026e-05 8.25543e-06 0 8.25608e-06 0 
5 0.945105 0.0321722 0.00848684 0.00631596 0.0049109 0.00183863 0.00085964 0.000150411 0.000160074 0 
6 0.569529 0.101592 0.099905 0.0943244 0.0785191 0.0366395 0.014537 0.00326189 0.00169239 0 
7 0.956226 0.0434161 0.000256296 5.07933e-05 2.0318e-05 1.21858e-05 8.12684e-06 1.01659e-05 0 0 
8 0.312474 0.687257 0.000192879 3.82144e-05 1.52863e-05 9.16801e-06 6.11424e-06 7.64829e-06 0 0 
9 0.71379 0.196883 0.015667 0.0485616 0.0157301 0.00647518 0.0011094 0.00140063 0.000374303 9.38173e-06 
10 0.569529 0.0934098 0.0798423 0.106866 0.0795167 0.0513454 0.014537 0.00326189 0.00169239 0 
11 0.00514258 0.994834 4.006e-07 6.08844e-06 1.51702e-05 0 0 1.54684e-06 0 0 
12 0.996499 0.00341793 5.97739e-05 1.18468e-05 4.7389e-06 2.84217e-06 1.89547e-06 2.37104e-06 0 0 
13 0.598981 0.0870433 0.100684 0.0878638 0.0731411 0.03413 0.0135413 0.00303847 0.00157648 0 
14 0.750989 0.248596 0.000297558 5.87489e-05 2.35004e-05 1.40944e-05 9.39972e-06 1.17581e-05 0 0 
15 0.56389 0.108949 0.0897257 0.0867056 0.0991507 0.0336687 0.0133583 0.00299741 0.00155517 0 
16 0.789711 0.106724 0.0264849 0.0317528 0.0264322 0.0123341 0.00489363 0.00109806 0.000569716 0 
17 0.406099 0.247314 0.0583405 0.167405 0.0755098 0.0220025 0.0174071 0 0.00592207 0 
18 0.596088 0.0951769 0.0753514 0.0903389 0.076842 0.0473936 0.0140644 0.00312406 0.00162088 0 
19 0.989148 0.0105682 0.000202995 4.02323e-05 1.60935e-05 9.65213e-06 6.4371e-06 8.05216e-06 0 0 
20 0.796616 0.16056 0.0105327 0.0154141 0.0105771 0.004354 0.000745974 0.000941801 0.000251687 6.3084e-06 
21 0.530883 0.154712 0.0831863 0.100303 0.083478 0.0273358 0.0160187 0.00202497 0.00149937 0.000558803 
22 0.856615 0.143194 3.31612e-06 5.00843e-05 0.000124792 0 0 1.27245e-05 0 0 
23 0.984907 0.0148912 0.000144388 2.86159e-05 1.14468e-05 6.86525e-06 4.5785e-06 5.72724e-06 0 0 
24 0.805021 0.173288 0.00705374 0.00619935 0.0048326 0.00221787 0.000927055 0.000305154 0.000114335 4.05274e-05 
25 0.994432 0.00542838 9.99308e-05 1.98057e-05 7.92255e-06 4.75157e-06 3.16887e-06 3.96394e-06 0 0 
26 0.761221 0.0794162 0.0607823 0.0417677 0.0325395 0.0149337 0.00624217 0.0020547 0.000769853 0.000272885 
27 0.994037 0.00350019 0.00150928 0.000471211 0.000233257 0.0002105 1.93029e-05 0 1.93045e-05 0 
28 0.518556 0.48115 0.000210358 4.16765e-05 1.66712e-05 9.99862e-06 6.66818e-06 8.34121e-06 0 0 
29 0.732774 0.124205 0.0332195 0.0504505 0.04236 0.0103828 0.00485444 0.000849382 0.000903946 0 
30 0.907797 0.0911986 0.000719503 0.000142578 5.70331e-05 3.42058e-05 2.28122e-05 2.85357e-05 0 0 
31 0.531925 0.443472 0.0071943 0.00772398 0.00600569 0.00224851 0.00105128 0.000183943 0.000195759 0 
32 0.75114 0.122405 0.032738 0.03521 0.0417626 0.0102324 0.00478408 0.000837072 0.000890845 0 
33 0.949534 0.0503872 1.36258e-06 2.07066e-05 5.15932e-05 0 0 5.26077e-06 0 0 
34 0.883381 0.115525 0.000783534 0.000155292 6.21189e-05 3.7256e-05 2.48464e-05 3.10803e-05 0 0 
35 0.728657 0.0750744 0.053971 0.0481884 0.0663776 0.0171182 0.00709338 0.00233489 0.000874833 0.000310096 
36 0.712886 0.108304 0.0457303 0.054821 0.0456351 0.0212948 0.00844883 0.0018958 0.000983613 0 
37 0.700705 0.0727437 0.0657039 0.069776 0.0580716 0.0190162 0.0111435 0.00140867 0.00104304 0.000388733 
38 0.995987 0.00391799 6.80768e-05 1.34924e-05 5.39715e-06 3.23696e-06 2.15876e-06 2.70039e-06 0 0 
39 0.587691 0.0739521 0.0851435 0.108161 0.0957668 0.0284009 0.0166428 0.00210386 0.00155778 0.000580575 
40 0.781267 0.105807 0.0367229 0.032275 0.0251594 0.0115467 0.00482642 0.00158869 0.000595247 0.000210993 
41 0.881427 0.0207123 0.0591187 0.0363654 0.00114947 0.00103733 9.51235e-05 0 9.5131e-05 0 
42 0.958386 0.0415158 1.69453e-06 2.57539e-05 6.41694e-05 0 0 6.54311e-06 0 0 
43 0.51264 0.0835855 0.112767 0.119776 0.114589 0.0326398 0.0191268 0.00241787 0.00179029 0.000667228 
44 0.846582 0.0801922 0.0214939 0.0194166 0.0230723 0.0056483 0.00264081 0.000462064 0.000491747 0 
45 0.537596 0.0993097 0.0950152 0.116293 0.0967861 0.0316937 0.0185724 0.00234779 0.00173839 0.000647888 
46 0.520399 0.0848502 0.099334 0.122471 0.115445 0.0331343 0.0194166 0.00245451 0.00181741 0.000677337 
47 0.932244 0.0282473 0.0328625 0.00330618 0.00161508 0.00145751 0.000133654 0 0.000133665 0 
48 0.725598 0.164575 0.0497561 0.026652 0.0207229 0.00775861 0.00362749 0.000634703 0.000675476 0 
49 0.796121 0.160683 0.0106243 0.0155482 0.0106691 0.00439186 0.000752461 0.00094999 0.000253875 6.36326e-06 
50 0.764006 0.109691 0.0294114 0.0570904 0.0247973 0.00916927 0.00428703 0.000750104 0.00079829 0 
51 0.970903 0.0111104 0.00584908 0.00514068 0.00400733 0.00183912 0.00076874 0.000253042 9.48095e-05 3.36065e-05 
52 0.427605 0.0962715 0.0687394 0.213385 0.131718 0.0347924 0.0203781 0.00597201 0.00113907 0 
53 0.704574 0.223127 0.0287594 0.0164064 0.0204284 0.00463362 0.00079388 0.00100228 0.00026785 6.71353e-06 
54 0.993747 0.00608768 0.000118626 2.35109e-05 9.40468e-06 5.64049e-06 3.7617e-06 4.7055e-06 0 0 
55 0.791601 0.0839247 0.0404783 0.0355758 0.0277325 0.0127276 0.00532003 0.00175117 0.000656125 0.000232572 
56 0.848052 0.146166 0.00354392 0.00110623 0.000547603 0.000494177 4.53163e-05 0 4.53199e-05 0 
57 0.401921 0.0808582 0.0868383 0.160458 0.17385 0.0457475 0.0395814 0.00741388 0.00236538 0.000965846 
58 0.769276 0.141927 0.0259646 0.0278773 0.0216757 0.00811533 0.00379427 0.000663885 0.000706532 0 
59 0.990475 0.00606187 0.00212231 0.000662602 0.000327999 0.000295998 2.71432e-05 0 2.71453e-05 0 
60 0.425773 0.0796514 0.0835649 0.150031 0.181199 0.0451199 0.0240754 0.00730323 0.00233007 0.00095143 
61 0.307416 0.138656 0.0906522 0.260121 0.117331 0.0342561 0.0423651 1.51999e-07 0.00920198 0 
62 0.971335 0.0168474 0.0072419 0.00226098 0.00111922 0.00101003 9.26202e-05 0 9.26275e-05 0 
63 0.31791 0.136556 0.0892787 0.25618 0.119839 0.0445358 0.0266382 1.49696e-07 0.00906255 0 
64 0.810416 0.165114 0.00601871 0.00880807 0.00604408 0.002488 0.000426271 0.000538172 0.000143821 3.6048e-06 
65 0.373881 0.606714 0.00477366 0.00698452 0.00479277 0.00197291 0.000338019 0.000426754 0.000114046 2.85849e-06 
66 0.740647 0.109302 0.048796 0.0428859 0.033431 0.0153428 0.00641319 0.00211099 0.000790945 0.000280361 
67 0.963455 0.0203141 0.00994671 0.00310545 0.00153725 0.00138727 0.000127213 0 0.000127223 0 
68 0.565045 0.0977208 0.082307 0.114062 0.0821435 0.0383306 0.0152079 0.00341244 0.0017705 0 
69 0.767928 0.0726888 0.0474945 0.0418673 0.0457479 0.0149337 0.00624217 0.0020547 0.000769853 0.000272885 
70 0.918946 0.0740363 0.00430079 0.00134246 0.000664539 0.000599705 5.49932e-05 0 5.49976e-05 0 
71 0.600759 0.0736417 0.0943314 0.100353 0.083478 0.0273358 0.0160187 0.00202497 0.00149937 0.000558803 
72 0.513034 0.0862125 0.11511 0.124516 0.102742 0.0336441 0.0197153 0.00249227 0.00184537 0.000687758 
73 0.995208 0.00284229 0.00119476 0.000373013 0.000184647 0.000166633 1.52803e-05 0 1.52815e-05 0 
74 0.38746 0.11081 0.0682661 0.234418 0.130624 0.0382227 0.0223872 0.0065608 0.00125137 0 
75 0.408104 0.0821022 0.0861361 0.155685 0.185805 0.0464408 0.0248162 0.00752794 0.00240177 0.000980705 
76 0.754695 0.120657 0.0333381 0.0477118 0.0270934 0.0100862 0.00471574 0.000825114 0.000878119 0 
77 0.584235 0.0934454 0.0933458 0.0943244 0.0785191 0.0366395 0.014537 0.00326189 0.00169239 0 
78 0.720855 0.219655 0.0148982 0.0212862 0.0146065 0.00601266 0.00103015 0.00130058 0.000347567 8.7116e-06 
79 0.377881 0.107469 0.0852448 0.225068 0.13869 0.0366731 0.0214796 0.00629482 0.00120064 0 
80 0.401921 0.0808582 0.0848312 0.182562 0.168905 0.0457372 0.0244402 0.00741388 0.00236538 0.000965846 
81 0.425773 0.0796514 0.0835649 0.15045 0.180846 0.0450545 0.0240754 0.00730323 0.00233007 0.00095143 
82 0.722347 0.234078 0.0107175 0.0156845 0.0107627 0.00443038 0.000759061 0.000958324 0.000256102 6.41907e-06 
83 0.362407 0.0982246 0.0650996 0.263237 0.138525 0.0405046 0.0237238 0.00695249 0.00132608 0 
84 0.56845 0.1097 0.0823069 0.0986778 0.0821431 0.0383306 0.0152079 0.00341244 0.0017705 0 
85 0.565045 0.0977208 0.0823069 0.0986778 0.0821775 0.0502757 0.0186129 0.00341244 0.0017705 0 
86 0.931853 0.0480382 0.00113903 0.000225748 0.000107916 0.0111532 0.007438 4.51816e-05 0 0 
87 0.795382 0.101381 0.0263281 0.0492362 0.0182796 0.00574011 0.00268375 0.000469577 0.000499742 0 
88 0.824807 0.114327 0.0193385 0.0202608 0.0131873 0.0049373 0.0023084 0.000403902 0.000429848 0 
89 0.496507 0.0731502 0.0842746 0.13194 0.144766 0.0392033 0.0209488 0.00635476 0.00202747 0.000827868 
90 0.764812 0.109283 0.0409436 0.0359848 0.0280513 0.0128739 0.00538118 0.00177129 0.000663667 0.000235246 
91 0.743809 0.0750744 0.053971 0.0474344 0.0369822 0.0321162 0.00709339 0.00233489 0.000874833 0.000310096 
92 0.831464 0.08092 0.0293602 0.0308583 0.0169891 0.00636066 0.00297389 0.000520342 0.000553769 0 
93 0.884243 0.0513235 0.0209535 0.0184157 0.0143557 0.00658839 0.0027539 0.000906486 0.000339641 0.00012039 
94 0.77489 0.0709018 0.0543076 0.0491742 0.0290532 0.0133337 0.00557337 0.00183455 0.000687369 0.000243647 
95 0.471245 0.528371 6.63704e-06 0.000100675 0.000250844 1.66479e-07 0 2.55776e-05 0 0 
96 0.565045 0.0977208 0.0823069 0.0986778 0.0821431 0.0383306 0.0163314 0.0176736 0.0017705 0 
97 0.569526 0.0934128 0.0786757 0.0943244 0.0946471 0.0499233 0.014537 0.00326189 0.00169239 0 
98 0.764228 0.0792899 0.050887 0.0447239 0.0348638 0.0160004 0.00668804 0.00220147 0.000824843 0.000292377 
99 0.575878 0.0987512 0.0851435 0.104211 0.0867304 0.0284008 0.0166428 0.00210386 0.00155778 0.000580575 
100 0.896264 0.0411432 0.0203548 0.0178896 0.0139455 0.00640015 0.00267522 0.000880586 0.000329937 0.000116951 
101 0.704312 0.209201 0.0321698 0.0259437 0.0177819 0.00731976 0.0012541 0.00158332 0.000423125 1.06054e-05 
102 0.648917 0.191531 0.0934275 0.0400215 0.0163593 0.00673418 0.00115377 0.00145665 0.000389275 9.75699e-06 
103 0.953813 0.0246242 0.00701198 0.00616274 0.00480406 0.00220478 0.000921581 0.000303351 0.000113659 4.02881e-05 
104 0.687236 0.220955 0.0187968 0.0275083 0.0189275 0.0231034 0.00133128 0.00168075 0.000449164 1.12581e-05 
105 0.583 0.1355 0.0736635 0.0901599 0.0750364 0.0245715 0.0143988 0.0018202 0.00134774 0.000502295 
106 0.969368 0.0196793 0.00671201 0.00209555 0.00103733 0.000936124 8.58431e-05 0 8.58499e-05 0 
107 0.74371 0.12606 0.0463992 0.0384402 0.0281461 0.0105378 0.00492689 0.00086206 0.000917438 0 
108 0.513034 0.0861425 0.100862 0.12345 0.102895 0.0480239 0.0205677 0.00249227 0.00184537 0.000687758 
109 0.756158 0.0754796 0.0501703 0.0492374 0.0433137 0.0157752 0.00659384 0.00217046 0.000813225 0.000288259 
110 0.705367 0.208146 0.0177072 0.0259273 0.0322609 0.00731979 0.0012541 0.00158332 0.000423125 1.06054e-05 
111 0.7584 0.0614629 0.0910807 0.0377196 0.0294032 0.0134943 0.00564052 0.00185666 0.00069565 0.000246583 
112 0.993331 0.00408813 0.00158156 0.000493778 0.000244428 0.000220581 2.02274e-05 0 2.0229e-05 0 
113 0.563104 0.0948038 0.07985 0.107521 0.0977528 0.0371864 0.0147539 0.00331057 0.00171765 0 
114 0.865309 0.0534165 0.0295849 0.0218928 0.0170662 0.00783236 0.00327387 0.00107764 0.000403769 0.000143121 
115 0.782356 0.0721826 0.137693 0.000204566 0.00745569 4.33273e-05 2.88954e-05 3.61453e-05 0 0 
116 0.743809 0.0750853 0.0691107 0.0474353 0.0369767 0.0169701 0.00709338 0.00233489 0.000874833 0.000310096 
117 0.307416 0.138663 0.105581 0.260571 0.117331 0.0341885 0.027048 1.51999e-07 0.00920198 0 
118 0.986982 0.0127504 0.000191941 3.80355e-05 1.52148e-05 9.1251e-06 6.08562e-06 7.6125e-06 0 0 
119 0.578022 0.0948112 0.0798499 0.0957322 0.0946164 0.0371864 0.0147539 0.00331057 0.00171765 0 
120 0.746369 0.192738 0.0124673 0.0284493 0.0125199 0.00515371 0.000882989 0.00111478 0.000297915 7.46709e-06 
121 0.342806 0.10123 0.0671027 0.271433 0.142691 0.0417509 0.0244537 0.00716641 0.00136688 0 
122 0.749309 0.194876 0.013728 0.0200903 0.0137859 0.00567487 0.00097228 0.00122752 0.000328041 8.22218e-06 
123 0.687236 0.220955 0.0188057 0.0357218 0.0260384 0.00777021 0.00133128 0.00168075 0.000449164 1.12581e-05 
124 0.993647 0.00382555 0.00154892 0.000483588 0.000239383 0.000216029 1.98099e-05 0 1.98115e-05 0 
125 0.742988 0.13816 0.0347526 0.0373127 0.0290121 0.0108621 0.00507849 0.000888585 0.000945666 0 
126 0.848026 0.117236 0.00854401 0.0125038 0.00858006 0.00353192 0.000605126 0.000763978 0.000204165 5.11731e-06 
127 0.763438 0.123748 0.038942 0.0327747 0.0254836 0.00954099 0.00446083 0.000780513 0.000830653 0 
128 0.520412 0.0848373 0.0993377 0.13134 0.106572 0.0331343 0.0194166 0.00245451 0.00181741 0.000677337 
129 0.940902 0.0400225 0.00557759 0.00598847 0.00465626 0.00174329 0.000815066 0.000142612 0.000151774 0 
130 0.570563 0.077629 0.101842 0.108436 0.0902465 0.0295522 0.0173175 0.00218916 0.00162094 0.000604111 
131 0.596004 0.0908504 0.0764278 0.105915 0.0762758 0.0355927 0.0141216 0.00316869 0.00164404 0 
132 0.820032 0.0890781 0.0235307 0.0356802 0.0196436 0.00735451 0.00343856 0.000601646 0.000640295 0 
133 0.991815 0.00528173 0.00177926 0.000555501 0.000274982 0.000248154 2.27558e-05 0 2.27576e-05 0 
134 0.857988 0.111348 0.00754194 0.0110373 0.00757376 0.00311768 0.000534154 0.000674376 0.00018022 4.51713e-06 
135 0.777508 0.0652061 0.0468696 0.0543509 0.0321114 0.0147372 0.00616004 0.00202767 0.000759724 0.000269294 
136 0.758854 0.127829 0.0293367 0.0444847 0.0244907 0.00916927 0.00428703 0.000750104 0.00079829 0 
137 0.612274 0.0731499 0.0762331 0.093615 0.100529 0.0254994 0.0149011 0.00188369 0.00139476 0.000519817 
138 0.784643 0.139607 0.0221574 0.0237777 0.0184881 0.0069219 0.00323629 0.000566255 0.000602631 0 
139 0.771049 0.112613 0.030119 0.0323377 0.0251497 0.0227412 0.00440136 0.000770107 0.000819578 0 
140 0.766926 0.0648435 0.0462609 0.0519429 0.0463829 0.0145465 0.00608004 0.00200133 0.000749857 0.000265797 
141 0.774705 0.141324 0.0245536 0.0263623 0.0204977 0.00767428 0.00358806 0.000627804 0.000668134 0 
142 0.235824 0.753063 0.00273338 0.00400008 0.00274485 0.0011299 0.000193586 0.000244405 6.53146e-05 1.63708e-06 
143 0.971346 0.0190309 0.00589698 0.00184109 0.000911367 0.000822452 7.54193e-05 0 7.54253e-05 0 
144 0.73148 0.119556 0.0360707 0.0428885 0.040107 0.0236571 0.00458475 0.000802194 0.000853727 0 
145 0.540101 0.0788634 0.0923387 0.123339 0.111582 0.031126 0.0180493 0.00228166 0.00168943 0.000629637 
146 0.883779 0.0360446 0.0735741 0.00326272 0.00161508 0.00145751 0.000133654 0 0.000133665 0 
147 0.764964 0.168434 0.0194765 0.020908 0.0162568 0.00608649 0.0028457 0.000497914 0.000529899 0 
148 0.767505 0.138462 0.0115265 0.0297975 0.0269844 0.0235957 0.000816349 0.00103065 0.000275431 6.90353e-06 
149 0.779418 0.166815 0.0200212 0.0161085 0.0110536 0.00455012 0.000779576 0.000984224 0.000263024 6.59256e-06 
150 0.773187 0.226091 0.00051692 0.00010244 4.09776e-05 2.45764e-05 1.63903e-05 2.05026e-05 0 0 
151 0.565045 0.0977208 0.0823069 0.0986778 0.0821642 0.0536938 0.0152082 0.00341244 0.0017705 0 
152 0.731607 0.0605063 0.0562682 0.0657724 0.0547397 0.0179251 0.0105041 0.00132785 0.00098319 0.000366428 
153 0.58892 0.0727228 0.0851435 0.10459 0.099338 0.0284009 0.0166428 0.00210386 0.00155778 0.000580575 
154 0.513034 0.0874511 0.114938 0.12345 0.102742 0.0336441 0.0197153 0.00249227 0.00184537 0.000687758 
155 0.784699 0.0852718 0.0430685 0.0368314 0.0287113 0.0131768 0.0055078 0.00181297 0.000679282 0.000240781 
156 0.584233 0.0934113 0.0786757 0.0943244 0.0785191 0.0375264 0.028356 0.00326189 0.00169239 0 
157 0.643234 0.187419 0.0581314 0.0458147 0.0381379 0.0177963 0.00706081 0.00158435 0.000822019 0 
158 0.980515 0.0189679 0.000370527 7.34361e-05 2.93755e-05 1.7618e-05 1.17497e-05 1.46976e-05 0 0 
159 0.743809 0.0750744 0.0570533 0.0595036 0.0369767 0.0169701 0.00709338 0.00233489 0.000874833 0.000310096 
160 0.80059 0.0783359 0.0407298 0.0340291 0.0265268 0.0121742 0.00508873 0.00167503 0.000627598 0.00022246 
161 0.571629 0.0962467 0.0810598 0.0971882 0.0960446 0.0377498 0.0149775 0.00336073 0.00174368 0 
162 0.830173 0.087781 0.0216353 0.0302385 0.0193742 0.00659844 0.00308506 0.000539794 0.00057447 0 
163 0.59026 0.0920558 0.0775354 0.0929634 0.0918679 0.0361085 0.0143263 0.00321461 0.00166787 0 
164 0.793084 0.165228 0.010474 0.0149003 0.0102246 0.00420886 0.000721108 0.000910407 0.000243297 6.09812e-06 
165 0.569676 0.429412 1.57494e-05 0.000239203 0.000596006 3.95553e-07 0 6.07724e-05 0 0 
166 0.577701 0.113687 0.0861634 0.0916462 0.0762757 0.0355927 0.0141216 0.00316869 0.00164404 0 
167 0.513034 0.0861425 0.100862 0.12345 0.102775 0.0450597 0.023651 0.00249227 0.00184537 0.000687758 
168 0.567192 0.118632 0.0813027 0.0886232 0.0933758 0.0313473 0.0138993 0.00448595 0 0.00114189 
169 0.486697 0.139622 0.065103 0.116859 0.129616 0.0351006 0.0187564 0.00568972 0.00181529 0.00074123 
170 0.596879 0.0691268 0.0932847 0.111211 0.0826466 0.0269983 0.0158209 0.00199997 0.00148085 0.000551904 
171 0.362716 0.0848878 0.132518 0.15979 0.168359 0.0565202 0.0250608 0.0080883 0 0.00205886 
172 0.765158 0.0688182 0.0494734 0.0435677 0.0463217 0.0169324 0.00650226 0.00214031 0.00080193 0.000284255 
173 0.690268 0.234466 0.018512 0.0270915 0.0185901 0.00765248 0.00131111 0.00165529 0.000442358 1.10875e-05 
174 0.565045 0.0977208 0.0823069 0.100459 0.0957457 0.0383315 0.0152079 0.00341244 0.0017705 0 
175 0.748854 0.0826268 0.0548013 0.0481642 0.0375456 0.0172312 0.00720251 0.00237081 0.000888292 0.000314867 
176 0.578984 0.0782061 0.0862638 0.105582 0.0878716 0.0363035 0.0224907 0.00213155 0.00157828 0.000588214 
177 0.740794 0.183668 0.0154657 0.0226569 0.0229775 0.0115813 0.00109535 0.0013829 0.000369565 9.26297e-06 
178 0.378914 0.105285 0.0605788 0.231409 0.156328 0.0377049 0.0220763 0.00646968 0.00123399 0 
179 0.716967 0.143282 0.0649512 0.0321906 0.0244046 0.0112003 0.00468163 0.00154103 0.00057739 0.000204664 
180 0.538761 0.0873062 0.0978514 0.119765 0.0996752 0.0326398 0.0191268 0.00241787 0.00179029 0.000667228 
181 0.565045 0.101519 0.0925229 0.100048 0.0821431 0.0383306 0.0152079 0.00341244 0.0017705 0 
182 0.7613 0.0703378 0.0642542 0.0440941 0.0343727 0.015775 0.00659384 0.00217046 0.000813225 0.000288259 
183 0.826903 0.0970292 0.0247367 0.0217408 0.0169477 0.00777797 0.00325113 0.00107016 0.000400965 0.000142128 
184 0.408104 0.0821022 0.0861361 0.155984 0.185505 0.0464418 0.0248162 0.00752794 0.00240177 0.000980705 
185 0.485783 0.072396 0.0879847 0.133998 0.148626 0.0402487 0.0215074 0.00652422 0.00208153 0.000849944 
186 0.625843 0.102306 0.0673084 0.091504 0.0659173 0.0307591 0.0122039 0.00273838 0.00142077 0 
187 0.532582 0.119448 0.0910601 0.111448 0.0927533 0.0303731 0.0177986 0.00224997 0.00166596 0.000620892 
188 0.761208 0.0794116 0.060823 0.0417445 0.0325395 0.0149337 0.00624217 0.0020547 0.000769853 0.000272885 
189 0.739867 0.0762294 0.0548014 0.0481642 0.0375456 0.0172312 0.00720251 0.00237216 0.0162715 0.000314947 
190 0.771031 0.0374962 0.186597 0.00240948 0.00119244 0.00107611 9.86795e-05 0 9.86873e-05 0 
191 0.799754 0.066664 0.0434401 0.0381789 0.0297618 0.0136589 0.0057093 0.0018793 0.000704134 0.00024959 
192 0.758315 0.0709177 0.0508988 0.058964 0.0348975 0.0160004 0.00668804 0.00220147 0.000824843 0.000292377 
193 0.541249 0.0811634 0.0950241 0.128888 0.0986752 0.0316937 0.0185724 0.00234779 0.00173839 0.000647888 
194 0.778212 0.110002 0.0465021 0.0303284 0.0216757 0.00811533 0.00379427 0.000663885 0.000706532 0 
195 0.747632 0.0739539 0.0531655 0.0467265 0.0371947 0.0308723 0.00698751 0.00230004 0.000861776 0.000305468 
196 0.925816 0.06023 0.003432 0.00502258 0.00344648 0.00141872 0.00024307 0.000306879 8.20103e-05 2.05555e-06 
197 0.887191 0.0613061 0.0150595 0.0161689 0.0125719 0.00470689 0.00220068 0.000385053 0.000409789 0 
198 0.559775 0.0870238 0.121983 0.100303 0.083478 0.0273358 0.0160187 0.00202497 0.00149937 0.000558803 
199 0.590913 0.103742 0.0814229 0.0867063 0.0856363 0.0336688 0.0133583 0.00299741 0.00155517 0 
200 0.719145 0.227941 0.0154721 0.0166118 0.0129163 0.00483585 0.00226097 0.000395603 0.000421016 0 
201 0.724494 0.216368 0.0145452 0.0212862 0.0146065 0.00601266 0.00103015 0.00130058 0.000347567 8.7116e-06 
202 0.556484 0.0962402 0.0960375 0.0973849 0.0960216 0.0377498 0.0149775 0.00336073 0.00174368 0 
203 0.443248 0.0777724 0.0911247 0.141592 0.171039 0.0425163 0.0227191 0.00689178 0.0021988 0.000897828 
204 0.751199 0.0783572 0.0468985 0.06748 0.0321114 0.0147372 0.00616004 0.00202767 0.000759724 0.000269294 
205 0.761846 0.0697913 0.0501703 0.044094 0.0343727 0.0157834 0.02067 0.00217046 0.000813225 0.000288259 
206 0.970078 0.0294762 0.00032067 6.26755e-05 2.50711e-05 1.50365e-05 1.0028e-05 1.2544e-05 0 0 
207 0.914207 0.0719037 0.00155256 0.01205 0.000114737 6.8814e-05 4.58928e-05 5.74072e-05 0 0 
208 0.749844 0.0743656 0.0570475 0.0543378 0.0376327 0.016471 0.00688475 0.00226621 0.000849103 0.000300976 
209 0.344631 0.109911 0.071981 0.256057 0.142682 0.0417509 0.0244537 0.00716641 0.00136688 0 
210 0.747764 0.0783507 0.0685163 0.0453556 0.0343727 0.015775 0.00659384 0.00217046 0.000813225 0.000288259 
211 0.714618 0.211251 0.0261088 0.0229236 0.0157301 0.00647518 0.0011094 0.00140063 0.000374303 9.38172e-06 
212 0.601002 0.094551 0.0770918 0.100186 0.074157 0.034604 0.0137293 0.00308067 0.00159837 0 
213 0.547813 0.0803078 0.107629 0.114632 0.0954034 0.0312409 0.0183071 0.00231425 0.00171356 0.000638632 
214 0.578162 0.104865 0.0810598 0.0971827 0.0808985 0.0377498 0.0149775 0.00336073 0.00174368 0 
215 0.58555 0.096766 0.077565 0.100914 0.0838873 0.0361085 0.0143263 0.00321461 0.00166787 0 
216 0.650729 0.0826914 0.072683 0.0808568 0.0659173 0.0307591 0.0122039 0.00273838 0.00142077 0 
217 0.925391 0.0728739 0.00124257 0.000246271 9.85117e-05 5.90827e-05 3.94029e-05 4.9289e-05 0 0 
218 0.760888 0.137455 0.0297289 0.0319122 0.024813 0.00928991 0.00434344 0.000759974 0.000808794 0 
219 0.967761 0.0208222 0.00699642 0.00218434 0.00108128 0.00097579 8.94805e-05 0 8.94876e-05 0 
220 0.799259 0.109854 0.0265756 0.0285333 0.0221857 0.00830628 0.00388355 0.000679506 0.000723157 0 
221 0.578028 0.0948053 0.0947689 0.0957381 0.0796911 0.0371864 0.0147539 0.00331057 0.00171765 0 
222 0.342806 0.10123 0.0671027 0.256057 0.158062 0.0417549 0.0244537 0.00716641 0.00136688 0 
223 0.850588 0.115218 0.00853893 0.0122468 0.00840376 0.00345934 0.000592692 0.00074828 0.00019997 5.01215e-06 
224 0.612457 0.144285 0.0622087 0.0745821 0.0620849 0.0289708 0.0114943 0.00257917 0.00133817 0 
225 0.413142 0.0777724 0.121566 0.148566 0.16155 0.0437486 0.0233776 0.00709154 0.00226254 0.000923852 
226 0.968293 0.0210156 0.0065522 0.00204565 0.00101263 0.000913836 8.37992e-05 0 8.38059e-05 0 
227 0.562858 0.0876025 0.0895732 0.10699 0.0939123 0.0371641 0.0175449 0.00215997 0.00159932 0.000596057 
228 0.408104 0.0821022 0.0861361 0.158132 0.183357 0.0464408 0.0248162 0.00752794 0.00240177 0.000980705 
229 0.936488 0.0621698 0.000961054 0.000190475 7.61927e-05 4.56968e-05 3.04757e-05 3.8122e-05 0 0 
230 0.572809 0.103959 0.0993522 0.100147 0.0721527 0.0336687 0.0133583 0.00299741 0.00155517 0 
231 0.828259 0.0799918 0.0307398 0.023099 0.0269085 0.00676278 0.00311417 0.000544887 0.00057989 0 
232 0.760015 0.127696 0.0314582 0.0303166 0.0235723 0.00883089 0.0166208 0.000721975 0.000768354 0 
233 0.489043 0.0752323 0.0961198 0.143321 0.132702 0.0359364 0.019203 0.00582519 0.00185851 0.000758879 
234 0.950041 0.0209812 0.0139254 0.0117947 0.0015752 0.00142152 0.000130354 0 0.000130365 0 
235 0.643274 0.126671 0.0603528 0.0736168 0.0612682 0.020063 0.0117569 0.00148622 0.00110045 0.000410131 
236 0.736254 0.07325 0.0523972 0.0754375 0.0358892 0.016471 0.00688475 0.00226621 0.000849103 0.000300976 
237 0.505106 0.0830399 0.139831 0.118004 0.0982094 0.0321598 0.0188455 0.00238232 0.00176396 0.000657415 
238 0.745318 0.0687179 0.0715249 0.0492745 0.0408909 0.0149338 0.00624217 0.0020547 0.000769853 0.000272885 
239 0.527569 0.0835729 0.0978514 0.119765 0.0996752 0.0326409 0.0340511 0.00241787 0.00179029 0.000667227 
240 0.408104 0.0821022 0.0896473 0.166347 0.171631 0.0464408 0.0248162 0.00752794 0.00240177 0.000980705 
241 0.349806 0.102654 0.066086 0.267329 0.14052 0.0411183 0.0240832 0.00705783 0.00134617 0 
242 0.408104 0.0821022 0.0892805 0.163343 0.175003 0.0464408 0.0248162 0.00752794 0.00240177 0.000980705 
243 0.962592 0.0186566 0.0104815 0.001401 0.00612804 0.000625779 5.73843e-05 0 5.73888e-05 0 
244 0.561271 0.10654 0.083183 0.108311 0.0853748 0.0361117 0.0143263 0.00321461 0.00166787 0 
245 0.505261 0.0848437 0.129631 0.121579 0.101185 0.0331343 0.0194166 0.00245451 0.00181741 0.000677337 
246 0.604726 0.3376 0.0168793 0.0180995 0.014073 0.00526891 0.00246345 0.00043103 0.000458719 0 
247 0.60458 0.120475 0.0873523 0.0772778 0.0643289 0.0300179 0.0119098 0.00267239 0.00138654 0 
248 0.576879 0.396203 0.00787086 0.00845062 0.00657069 0.00246005 0.00115018 0.000201247 0.000214175 0 
249 0.75792 0.181801 0.0123475 0.0281546 0.0123953 0.00510165 0.00087407 0.00110352 0.000294906 7.39166e-06 
250 0.689777 0.300531 0.00593941 0.00185433 0.000917924 0.000828369 7.59619e-05 0 7.59679e-05 0 
251 0.764529 0.124723 0.0500014 0.0273264 0.0207229 0.00775861 0.00362749 0.000634703 0.000675476 0 
252 0.427924 0.0773639 0.0956054 0.160152 0.16155 0.0437486 0.0233776 0.00709154 0.00226254 0.000923852 
253 0.364838 0.0696983 0.143344 0.169677 0.163412 0.0548578 0.0243238 0.00785041 0 0.0019983 
254 0.654928 0.0814886 0.0737021 0.0782202 0.0651134 0.030384 0.012055 0.00270498 0.00140345 0 
255 0.868757 0.0617976 0.0303992 0.0173242 0.0134699 0.0050431 0.00235787 0.000412557 0.000439059 0 
256 0.839557 0.0676139 0.0301882 0.0265311 0.0206819 0.00949175 0.00396748 0.00130595 0.000489313 0.000173444 
257 0.724792 0.20561 0.0203513 0.0218498 0.0169891 0.00636066 0.00297389 0.000520342 0.000553769 0 
258 0.520407 0.0848426 0.099334 0.12419 0.113726 0.0331343 0.0194166 0.00245451 0.00181741 0.000677337 
259 0.578029 0.0948038 0.0798499 0.0957422 0.0946065 0.0371864 0.0147539 0.00331057 0.00171765 0 
260 0.565045 0.0977208 0.0832227 0.113142 0.0821477 0.0383306 0.0152079 0.00341244 0.0017705 0 
261 0.753744 0.208043 0.00939945 0.0137541 0.00943806 0.00388511 0.000665638 0.000840376 0.000224582 5.62904e-06 
262 0.945921 0.0231973 0.0240185 0.00339148 0.00167883 0.00151504 0.00013893 0 0.000138941 0 
263 0.743809 0.0750744 0.053971 0.0474344 0.0369768 0.0314307 0.00778422 0.00233489 0.000874833 0.000310096 
264 0.408104 0.0821022 0.0861407 0.169078 0.172408 0.0464408 0.0248162 0.00752794 0.00240177 0.000980705 
265 0.83113 0.136855 0.0107386 0.0108625 0.00652632 0.00268651 0.000460282 0.000581111 0.000155296 3.89242e-06 
266 0.564069 0.108764 0.0798656 0.110642 0.0796911 0.0371864 0.0147539 0.00331057 0.00171765 0 
267 0.690995 0.218587 0.0185122 0.0422428 0.0185901 0.00765248 0.00131111 0.00165529 0.000442358 1.10875e-05 
268 0.354637 0.0992207 0.0788482 0.259407 0.136446 0.039909 0.0233749 0.00685024 0.00130657 0 
269 0.723349 0.249506 0.00667659 0.0097707 0.00670464 0.00275991 0.000472858 0.000596988 0.000159539 3.99877e-06 
270 0.739867 0.0762329 0.069456 0.0488906 0.0375456 0.0172312 0.00720251 0.00237081 0.000888292 0.000314867 
271 0.607809 0.0705424 0.0809389 0.11141 0.0824474 0.0269983 0.015821 0.00199997 0.00148085 0.000551904 
272 0.35139 0.0775812 0.144691 0.162249 0.17095 0.0573897 0.0254464 0.00821274 0 0.00209053 
273 0.459294 0.0867796 0.0766975 0.138256 0.16581 0.0413516 0.0220966 0.00670296 0.00213856 0.00087323 
274 0.754686 0.120665 0.0322703 0.0489333 0.0269398 0.0100862 0.00471574 0.000825114 0.000878119 0 
275 0.735825 0.129978 0.0456631 0.0417461 0.0290121 0.0108621 0.00507849 0.000888585 0.000945666 0 
276 0.812664 0.0954893 0.0250947 0.0347395 0.0198504 0.00743193 0.00347475 0.000607979 0.000647035 0 
277 0.675609 0.176676 0.0553196 0.0391334 0.0305058 0.0140003 0.00585204 0.00192628 0.000721737 0.00025583 
278 0.743807 0.0750761 0.053971 0.0477713 0.0517901 0.0169714 0.00709338 0.00233489 0.000874833 0.000310096 
279 0.781513 0.119443 0.0289605 0.031094 0.0241768 0.00905171 0.00423207 0.000740487 0.000788055 0 
280 0.565038 0.23178 0.0520143 0.0622724 0.0518379 0.0241892 0.00959721 0.00215348 0.00111731 0 
281 0.768374 0.0678759 0.0487991 0.0562808 0.0337314 0.0153428 0.00641319 0.00211099 0.000790945 0.000280361 
282 0.547813 0.0799935 0.0936578 0.114632 0.0979371 0.0429822 0.0183179 0.00231425 0.00171356 0.000638632 
283 0.761867 0.0578068 0.0590459 0.0659086 0.0360045 0.0119152 0.00498046 0.00163939 0.000614245 0.000217727 
284 0.754433 0.0643495 0.0525385 0.0733415 0.0316943 0.0145458 0.00608004 0.00200133 0.000749857 0.000265797 
285 0.579523 0.102141 0.0833305 0.107836 0.074157 0.034604 0.0137293 0.00308067 0.00159837 0 
286 0.788756 0.136961 0.0217214 0.0233205 0.0181326 0.00678878 0.00317405 0.000555365 0.000591042 0 
287 0.569231 0.0941206 0.0929681 0.10903 0.0785191 0.0366395 0.014537 0.00326189 0.00169239 0 
288 0.566387 0.408138 0.00626584 0.00916943 0.00629204 0.00259007 0.000443759 0.000560251 0.000149721 3.75269e-06 
289 0.747632 0.0739539 0.0531655 0.0616518 0.0364248 0.0167168 0.00698751 0.00230004 0.000861776 0.000305468 
290 0.739867 0.0762302 0.0646398 0.0537095 0.0375456 0.0172312 0.00720251 0.00237081 0.000888292 0.000314867 
291 0.798724 0.107647 0.0304529 0.0267579 0.0208587 0.00957288 0.00400139 0.00131712 0.000493496 0.000174926 
292 0.735825 0.129938 0.0497898 0.0376602 0.0290121 0.0108621 0.00507849 0.000888585 0.000945666 0 
293 0.784916 0.0637714 0.0452086 0.0521681 0.030892 0.0141776 0.00592611 0.00195067 0.000730873 0.000259068 
294 0.55267 0.103604 0.0903358 0.109921 0.0914827 0.0299571 0.0175548 0.00221914 0.00164314 0.000612387 
295 0.724677 0.149063 0.0434354 0.0367474 0.0285725 0.0106975 0.00500154 0.000875121 0.000931338 0 
296 0.82112 0.0879901 0.0236409 0.0355701 0.0196436 0.00735452 0.00343856 0.000601646 0.000640295 0 
297 0.733373 0.138262 0.0346487 0.0351643 0.0418084 0.0102324 0.00478408 0.000837073 0.000890845 0 
298 0.533478 0.0833818 0.0964125 0.132709 0.0982094 0.0321598 0.0188455 0.00238232 0.00176396 0.000657415 
299 0.787859 0.112902 0.0260964 0.0420927 0.0192615 0.00720442 0.00336838 0.000589367 0.000627228 0 
300 0.745786 0.155986 0.032937 0.0338057 0.0198156 0.00713165 0.00333436 0.000583414 0.000620892 0 
301 0.951217 0.0262136 0.0175537 0.00247839 0.00122684 0.00110715 0.000101526 0 0.000101534 0 
302 0.342806 0.10123 0.0671027 0.256057 0.142682 0.0417835 0.0398049 0.00716729 0.00136688 0 
303 0.580722 0.0860376 0.119114 0.0990354 0.0733873 0.0240315 0.0140824 0.00178019 0.00131812 0.000491255 
304 0.807309 0.0568531 0.0404783 0.0372783 0.0373938 0.0127276 0.00532003 0.00175117 0.000656125 0.000232572 
305 0.80879 0.0704651 0.0360795 0.0416252 0.0246512 0.0113134 0.00472892 0.00155659 0.000583222 0.000206731 
306 0.602719 0.0875523 0.0858042 0.0866832 0.0856617 0.0336691 0.0133583 0.00299741 0.00155517 0 
307 0.577955 0.074665 0.087414 0.114252 0.0951139 0.0291582 0.0170866 0.00215997 0.00159932 0.000596057 
308 0.408104 0.0821022 0.0861361 0.169997 0.171492 0.0464408 0.0248162 0.00752794 0.00240177 0.000980705 
309 0.763841 0.109855 0.0293367 0.0504411 0.0315214 0.00916927 0.00428703 0.000750104 0.00079829 0 
310 0.578029 0.0948038 0.079855 0.110638 0.0797052 0.0371864 0.0147539 0.00331057 0.00171765 0 
311 0.753312 0.0763759 0.0625319 0.0460268 0.035369 0.0162323 0.00678497 0.00223337 0.000836797 0.000296614 
312 0.419503 0.0823544 0.107763 0.147911 0.163926 0.044392 0.0237214 0.00719583 0.00229581 0.000937438 
313 0.688741 0.220842 0.018512 0.0270915 0.0185901 0.00768485 0.0164302 0.00165529 0.000442358 1.10875e-05 
314 0.746785 0.0748016 0.0531655 0.0616518 0.0364248 0.0167168 0.00698751 0.00230004 0.000861776 0.000305468 
315 0.736638 0.0742817 0.065754 0.0606653 0.0358892 0.016471 0.00688475 0.00226621 0.000849103 0.000300976 
316 0.560965 0.0869599 0.0986201 0.111924 0.0902465 0.0295522 0.0173175 0.00218916 0.00162094 0.000604111 
317 0.751343 0.076848 0.0631079 0.0460393 0.0358892 0.016471 0.00688475 0.00226621 0.000849103 0.000300976 
318 0.444034 0.0751693 0.0788571 0.155632 0.171084 0.0425163 0.0227191 0.00689178 0.0021988 0.000897828 
319 0.739867 0.0762294 0.0548013 0.0482135 0.0523397 0.0177725 0.00720251 0.00237081 0.000888292 0.000314867 
320 0.417073 0.0813936 0.0994121 0.152306 0.168893 0.0457372 0.0244402 0.00741388 0.00236538 0.000965846 
321 0.534509 0.0828597 0.109681 0.118931 0.0982094 0.0321598 0.0188455 0.00238232 0.00176396 0.000657415 
322 0.527569 0.0835727 0.0978514 0.119765 0.100099 0.046264 0.0200043 0.00241787 0.00179029 0.000667227 
323 0.526012 0.078868 0.0923403 0.145948 0.103381 0.0308009 0.0180493 0.00228166 0.00168943 0.000629637 
324 0.763863 0.116611 0.0309441 0.0332237 0.0333677 0.0158353 0.00452194 0.000791206 0.000842032 0 
325 0.955994 0.0296739 0.00878274 0.00274205 0.00135736 0.00122493 0.000112327 0 0.000112336 0 
326 0.735825 0.129938 0.0347526 0.0373127 0.0426767 0.0125821 0.00507849 0.000888585 0.000945666 0 
327 0.578029 0.0948038 0.0798499 0.0957322 0.0796991 0.0521037 0.0147539 0.00331057 0.00171765 0 
328 0.736643 0.123306 0.0590906 0.0368858 0.0273302 0.0102324 0.00478408 0.000837072 0.000890845 0 
329 0.747632 0.0739539 0.0531655 0.0467265 0.0364289 0.0283555 0.0102701 0.00230004 0.000861776 0.000305468 
330 0.569522 0.108063 0.0787678 0.108996 0.0785199 0.0366395 0.014537 0.00326189 0.00169239 0 
331 0.408104 0.0821022 0.0861361 0.154613 0.171498 0.0585036 0.0281314 0.00752794 0.00240177 0.000980705 
332 0.519332 0.0859182 0.101087 0.132423 0.10374 0.0331343 0.0194166 0.00245451 0.00181741 0.000677337 
333 0.810691 0.0619402 0.0414196 0.0364032 0.0283775 0.0130236 0.00544376 0.00179189 0.000671384 0.000237981 
334 0.437608 0.0740768 0.0866958 0.151784 0.164148 0.0543059 0.021798 0.00661238 0.00210966 0.00086143 
335 0.520412 0.0848373 0.0993818 0.136412 0.101457 0.0331343 0.0194166 0.00245451 0.00181741 0.000677337 
336 0.513034 0.0861425 0.10196 0.13772 0.102759 0.0336441 0.0197153 0.00249227 0.00184537 0.000687758 
337 0.425222 0.0874756 0.0859114 0.158923 0.163926 0.044392 0.0237214 0.00719583 0.00229581 0.000937438 
338 0.513034 0.0861425 0.116179 0.123518 0.102742 0.0336441 0.0197153 0.00249227 0.00184537 0.000687758 
339 0.862297 0.0471509 0.0345553 0.0237172 0.0184884 0.00848505 0.00354669 0.00116744 0.000437417 0.000155048 
340 0.783238 0.165544 0.0126024 0.0184334 0.012649 0.00520684 0.000892092 0.00112628 0.000300986 7.54407e-06 
341 0.41707 0.0808603 0.0880585 0.163999 0.169089 0.0457372 0.0244402 0.00741388 0.00236538 0.000965846 
342 0.607326 0.0882264 0.0743338 0.102738 0.0743634 0.034604 0.0137293 0.00308067 0.00159837 0 
343 0.740018 0.14113 0.0347526 0.0373127 0.0290121 0.0108621 0.00507849 0.000888585 0.000945666 0 
344 0.435776 0.167239 0.0587869 0.182898 0.101916 0.0298221 0.0174669 0.00511886 0.000976342 0 
345 0.74734 0.135609 0.0342261 0.0367474 0.0285725 0.0106975 0.00500154 0.000875121 0.000931338 0 
346 0.513034 0.0861425 0.116227 0.123469 0.102742 0.0336441 0.0197153 0.00249227 0.00184537 0.000687758 
347 0.584215 0.093429 0.078987 0.108607 0.0786312 0.0366395 0.014537 0.00326189 0.00169239 0 
348 0.579482 0.0957084 0.108556 0.0890842 0.074157 0.034604 0.0137293 0.00308067 0.00159837 0 
349 0.513034 0.0861425 0.100862 0.12345 0.102749 0.049022 0.0197153 0.00249227 0.00184537 0.000687758 
350 0.35139 0.0724214 0.134466 0.165628 0.182955 0.0573897 0.0254464 0.00821274 0 0.00209053 
351 0.960132 0.0391835 0.000490099 9.71346e-05 3.88552e-05 2.33036e-05 1.55414e-05 1.94407e-05 0 0 
352 0.785347 0.105586 0.0407247 0.0303284 0.0235723 0.00882542 0.00412627 0.000721975 0.000768354 0 
353 0.757991 0.0804717 0.0616498 0.0423064 0.0329792 0.0151355 0.00632653 0.00208247 0.000780257 0.000276572 
354 0.746623 0.0665894 0.0477674 0.0572684 0.0476723 0.0222454 0.00882601 0.00198043 0.00102752 0 
355 0.571636 0.0962402 0.0810598 0.0972239 0.0960089 0.0377498 0.0149775 0.00336073 0.00174368 0 
356 0.918151 0.0497939 0.00937312 0.0100636 0.00782484 0.0029296 0.00136972 0.00023966 0.000255055 0 
357 0.247617 0.158265 9.97978e-06 0.292325 0.107061 0.14094 0 0.0269763 0.0268053 0 
358 0.740241 0.205144 0.0134538 0.0196488 0.0134829 0.00555015 0.000950912 0.00120054 0.000320831 8.04148e-06 
359 0.808296 0.0674943 0.0472132 0.0326112 0.0254215 0.0116669 0.0048767 0.00160524 0.000601448 0.000213191 
360 0.743809 0.0750744 0.0572178 0.0593378 0.0369781 0.0169701 0.00709338 0.00233489 0.000874833 0.000310096 
361 0.522539 0.0996179 0.0952712 0.120237 0.107335 0.0316937 0.0185724 0.00234779 0.00173839 0.000647888 
362 0.505261 0.0848373 0.099334 0.121847 0.116624 0.0476991 0.0194485 0.00245451 0.00181741 0.000677337 
363 0.744045 0.121673 0.0430444 0.0371318 0.0378331 0.00994413 0.00464932 0.000813493 0.000865751 0 
364 0.804491 0.111316 0.0247747 0.0263623 0.0204977 0.00767428 0.00358806 0.000627804 0.000668134 0 
365 0.682446 0.243411 0.0182357 0.0266871 0.0183127 0.00753827 0.00129154 0.00163058 0.000435756 1.0922e-05 
366 0.346066 0.0713242 0.140194 0.181517 0.169171 0.0565202 0.0250608 0.0080883 0 0.00205886 
367 0.520412 0.0848376 0.107714 0.12835 0.101185 0.0331343 0.0194166 0.00245451 0.00181741 0.000677337 
368 0.752948 0.0785327 0.0548014 0.0481642 0.0375456 0.0172312 0.00720251 0.00237081 0.000888292 0.000314867 
369 0.576564 0.101587 0.0823069 0.0986778 0.0821431 0.0383306 0.0152079 0.00341244 0.0017705 0 
370 0.7143 0.0728927 0.0600684 0.0638441 0.0518379 0.0241892 0.00959721 0.00215348 0.00111731 0 
371 0.408104 0.0821022 0.0861361 0.160835 0.177633 0.0494619 0.0248162 0.00752794 0.00240177 0.000980705 
372 0.596031 0.208173 0.0504722 0.0650068 0.046836 0.0218552 0.00867117 0.00194569 0.0010095 0 
373 0.565045 0.0977208 0.0833287 0.11304 0.0821436 0.0383306 0.0152079 0.00341244 0.0017705 0 
374 0.796243 0.0565553 0.0518419 0.0359958 0.0386762 0.0127276 0.00532003 0.00175117 0.000656125 0.000232572 
375 0.352759 0.0997006 0.0660865 0.267299 0.140549 0.0411183 0.0240832 0.00705783 0.00134617 0 
376 0.746292 0.136784 0.0377567 0.0389686 0.0230232 0.0105663 0.00441663 0.0014538 0.000544707 0.000193079 
377 0.574015 0.108821 0.0830188 0.101573 0.0845347 0.0276818 0.0162215 0.0020506 0.00151834 0.000565876 
378 0.701035 0.211207 0.0179676 0.0262947 0.0193898 0.0207868 0.00127254 0.0016066 0.000429348 1.07614e-05 
379 0.747398 0.138993 0.0332194 0.0356666 0.0277322 0.0103828 0.00485444 0.000849382 0.000903946 0 
380 0.746734 0.118191 0.0442027 0.0348248 0.0400008 0.00980602 0.00458475 0.000802194 0.000853727 0 
381 0.565045 0.0977208 0.0976915 0.0986778 0.0821431 0.0383306 0.0152079 0.00341244 0.0017705 0 
382 0.592669 0.201789 0.0539227 0.0657724 0.0547397 0.0179251 0.0105041 0.00132785 0.00098319 0.000366428 
383 0.708718 0.188911 0.0332906 0.0292586 0.0228081 0.0104675 0.00437535 0.00144021 0.000539617 0.000191274 
384 0.337612 0.099696 0.0663229 0.267037 0.155726 0.0411183 0.0240832 0.00705783 0.00134617 0 
385 0.734858 0.0991171 0.0633635 0.0434816 0.0338953 0.0155559 0.00650226 0.00214031 0.00080193 0.000284255 
386 0.606855 0.0825075 0.0824521 0.0833843 0.0912243 0.0363634 0.0128378 0.00288063 0.00149458 0 
387 0.571635 0.0962408 0.0810598 0.0971827 0.0808985 0.0377498 0.0172899 0.0161998 0.00174369 0 
388 0.784178 0.108114 0.0378877 0.0322753 0.0232813 0.00871646 0.00407533 0.000713062 0.000758868 0 
389 0.715698 0.159327 0.054892 0.031094 0.0241768 0.00905171 0.00423207 0.000740487 0.000788055 0 
390 0.736634 0.0875758 0.052399 0.0607298 0.0358892 0.016471 0.00688475 0.00226621 0.000849103 0.000300976 
391 0.531115 0.0857448 0.0964125 0.118024 0.112895 0.0321598 0.0188455 0.00238232 0.00176396 0.000657415 
392 0.520407 0.0999938 0.099334 0.121579 0.101185 0.0331343 0.0194166 0.00245451 0.00181741 0.000677337 
