2 0.995267 0.00464421 6.38085e-05 1.26509e-05 5.06222e-06 3.03288e-06 2.0268e-06 2.53223e-06 0 0 
3 0.776194 0.191938 0.0082865 0.0124649 0.00694634 0.00256467 0.00117227 0.000208853 0.000224516 0 
4 0.997342 0.00160696 0.000642217 0.000202151 9.97506e-05 9.00331e-05 8.25543e-06 0 8.25608e-06 0 
5 0.945373 0.031888 0.00850945 0.00629725 0.0049565 0.00183 0.000836462 0.000149025 0.000160202 0 
6 0.568457 0.102423 0.100415 0.0952986 0.0773029 0.036537 0.014617 0.00320909 0.0017395 0 
7 0.955916 0.0437266 0.000256179 5.07881e-05 2.03227e-05 1.21758e-05 8.13676e-06 1.01658e-05 0 0 
8 0.312752 0.686979 0.000192792 3.82105e-05 1.52898e-05 9.16044e-06 6.1217e-06 7.64829e-06 0 0 
9 0.713632 0.197026 0.0159441 0.0483064 0.0157413 0.00646879 0.00108768 0.00160179 0.000175735 1.63705e-05 
10 0.568457 0.0943134 0.0802617 0.107894 0.0782647 0.0512428 0.014617 0.00320909 0.0017395 0 
11 0.00492797 0.995049 3.72947e-07 6.10072e-06 1.51227e-05 0 0 1.54237e-06 0 0 
12 0.996381 0.00353603 5.97469e-05 1.18456e-05 4.73999e-06 2.83982e-06 1.89779e-06 2.37104e-06 0 0 
13 0.597977 0.0878912 0.101092 0.0887713 0.0720081 0.0340344 0.0136158 0.00298929 0.00162035 0 
14 0.749848 0.249737 0.000297302 5.87429e-05 2.35058e-05 1.40828e-05 9.41119e-06 1.17581e-05 0 0 
15 0.562905 0.109785 0.0901221 0.0876015 0.0980322 0.0335745 0.0134318 0.00294889 0.00159846 0 
16 0.78949 0.106889 0.0266323 0.0320807 0.0260227 0.0122996 0.00492058 0.00108029 0.000585573 0 
17 0.404466 0.245846 0.0587941 0.170542 0.075236 0.021783 0.0174106 1.00366e-07 0.00592206 0 
18 0.595005 0.0960993 0.0757707 0.0912719 0.0756744 0.0472988 0.0141404 0.00307349 0.001666 0 
19 0.989161 0.0105559 0.000202903 4.02282e-05 1.60972e-05 9.64416e-06 6.44496e-06 8.05216e-06 0 0 
20 0.796493 0.160674 0.010719 0.0152426 0.0105847 0.0043497 0.000731374 0.00107707 0.000118167 1.10078e-05 
21 0.529657 0.155069 0.0841543 0.100848 0.0833606 0.027012 0.0158167 0.00202654 0.00149764 0.000558802 
22 0.856497 0.143312 3.08881e-06 5.02773e-05 0.000124629 0 0 1.2711e-05 0 0 
23 0.984755 0.0150432 0.000144322 2.8613e-05 1.14494e-05 6.85958e-06 4.58409e-06 5.72724e-06 0 0 
24 0.804436 0.173834 0.0070901 0.00625431 0.00475877 0.00221679 0.000951186 0.000303746 0.000114395 4.0467e-05 
25 0.994413 0.00544779 9.98856e-05 1.98036e-05 7.92438e-06 4.74765e-06 3.17274e-06 3.96394e-06 0 0 
26 0.761209 0.0791654 0.0610259 0.0421379 0.0320424 0.0149264 0.00640465 0.00204522 0.00077026 0.000272478 
27 0.994039 0.00350447 0.00150164 0.000472671 0.000233238 0.000210516 1.93029e-05 0 1.93045e-05 0 
28 0.519144 0.480563 0.000210263 4.16723e-05 1.66751e-05 9.99036e-06 6.67632e-06 8.34121e-06 0 0 
29 0.733151 0.123736 0.0333471 0.0503454 0.042617 0.0103341 0.00472355 0.000841554 0.000904669 0 
30 0.907843 0.0911523 0.00071917 0.000142563 5.70463e-05 3.41776e-05 2.284e-05 2.85357e-05 0 0 
31 0.531745 0.443631 0.00722195 0.0077011 0.00606145 0.00223796 0.00102293 0.000182247 0.000195916 0 
32 0.751511 0.121943 0.0328638 0.0351057 0.0420166 0.0101844 0.00465509 0.000829357 0.000891558 0 
33 0.949617 0.0503041 1.2708e-06 2.07864e-05 5.15261e-05 0 0 5.25515e-06 0 0 
34 0.883216 0.11569 0.00078318 0.000155276 6.21332e-05 3.72252e-05 2.48767e-05 3.10803e-05 0 0 
35 0.728644 0.0747882 0.0542493 0.0486204 0.0657914 0.0171197 0.00727802 0.00232412 0.000875295 0.000309634 
36 0.712352 0.108742 0.0459848 0.0553872 0.0449282 0.0212352 0.00849535 0.00186511 0.00101099 0 
37 0.699843 0.0729772 0.0664 0.0701553 0.05799 0.0187909 0.0110029 0.00140977 0.00104184 0.000388732 
38 0.995977 0.0039277 6.8046e-05 1.3491e-05 5.3984e-06 3.23429e-06 2.1614e-06 2.70039e-06 0 0 
39 0.586514 0.0741913 0.0861832 0.108738 0.0956345 0.0280644 0.0164329 0.0021055 0.00155599 0.000580574 
40 0.781142 0.105729 0.0369123 0.0325611 0.024775 0.011541 0.00495205 0.00158136 0.000595562 0.000210679 
41 0.881434 0.0207357 0.0591099 0.0363438 0.00114938 0.00103741 9.51235e-05 0 9.5131e-05 0 
42 0.957988 0.0419135 1.58045e-06 2.58532e-05 6.40859e-05 0 0 6.53613e-06 0 0 
43 0.51129 0.0838588 0.113962 0.120427 0.114449 0.0322531 0.0188856 0.00241975 0.00178823 0.000667227 
44 0.846787 0.0799355 0.0215646 0.0193591 0.0232124 0.0056218 0.00256961 0.000457805 0.00049214 0 
45 0.536177 0.0996827 0.0961754 0.116925 0.09665 0.0313182 0.0183382 0.00234961 0.00173639 0.000647887 
46 0.519028 0.0851275 0.100547 0.122983 0.115452 0.0327418 0.0191717 0.00245641 0.00181532 0.000677336 
47 0.932263 0.0282559 0.032828 0.00331346 0.00161495 0.00145763 0.000133655 0 0.000133665 0 
48 0.726164 0.163368 0.0504223 0.026573 0.0209153 0.00772221 0.00352968 0.000628853 0.000676017 0 
49 0.795982 0.160812 0.0108122 0.0153751 0.0106767 0.00438753 0.000737734 0.00108643 0.000119194 1.11035e-05 
50 0.764338 0.109276 0.0295245 0.0569471 0.0250745 0.00912625 0.00417145 0.00074319 0.000798929 0 
51 0.970888 0.0110932 0.00587923 0.00518625 0.00394611 0.00183822 0.000788751 0.000251875 9.48596e-05 3.35564e-05 
52 0.429816 0.0967991 0.067984 0.210878 0.132431 0.0345576 0.0204068 0.00598727 0.00114016 0 
53 0.702875 0.224919 0.0288547 0.0162238 0.0204364 0.00462905 0.000778343 0.00114624 0.000125755 1.17147e-05 
54 0.993778 0.00605598 0.000118572 2.35085e-05 9.40685e-06 5.63583e-06 3.76629e-06 4.7055e-06 0 0 
55 0.791495 0.0838065 0.040687 0.0358912 0.0273089 0.0127213 0.00545851 0.00174309 0.000656471 0.000232226 
56 0.852446 0.141786 0.00352593 0.00110966 0.000547558 0.000494216 4.53163e-05 0 4.53199e-05 0 
57 0.402077 0.0798502 0.0855043 0.163446 0.172456 0.0461179 0.039815 0.00740049 0.00236901 0.000964522 
58 0.769598 0.141532 0.0260644 0.0277948 0.021877 0.00807725 0.00369197 0.000657766 0.000707098 0 
59 0.990569 0.00597605 0.00211156 0.000664656 0.000327972 0.000296022 2.71432e-05 0 2.71453e-05 0 
60 0.425927 0.0786585 0.0823709 0.152831 0.179848 0.0454858 0.0243053 0.00729003 0.00233366 0.000950126 
61 0.304999 0.136256 0.0913569 0.264995 0.116905 0.0339222 0.0423633 1.55954e-07 0.00920197 0 
62 0.96865 0.0195625 0.00720523 0.00226799 0.00111913 0.00101011 9.26203e-05 0 9.26275e-05 0 
63 0.315529 0.134192 0.0899727 0.26098 0.119931 0.0436887 0.0266435 1.53591e-07 0.00906255 0 
64 0.809877 0.165647 0.00612515 0.00871006 0.00604839 0.00248554 0.000417928 0.000615467 6.75238e-05 6.29015e-06 
65 0.373956 0.606634 0.0048581 0.0069068 0.00479618 0.00197096 0.000331404 0.000488046 5.35443e-05 4.98789e-06 
66 0.740639 0.109039 0.0490476 0.0432661 0.0329203 0.0153353 0.00658013 0.00210126 0.000791363 0.000279943 
67 0.963639 0.0201706 0.00989634 0.00311508 0.00153712 0.00138738 0.000127213 0 0.000127223 0 
68 0.563925 0.0986662 0.0827651 0.115081 0.0808711 0.0382233 0.0152916 0.0033572 0.00181978 0 
69 0.767842 0.072512 0.0477394 0.0422328 0.0452553 0.0149264 0.00640466 0.00204522 0.00077026 0.000272478 
70 0.918307 0.0746933 0.00427904 0.00134662 0.000664485 0.000599752 5.49933e-05 0 5.49976e-05 0 
71 0.599592 0.073893 0.0953513 0.100892 0.0833606 0.027012 0.0158167 0.00202654 0.00149764 0.000558802 
72 0.511642 0.0864919 0.116291 0.12524 0.102598 0.0332455 0.0194667 0.00249421 0.00184325 0.000687757 
73 0.995209 0.00284588 0.00118871 0.00037417 0.000184633 0.000166646 1.52803e-05 0 1.52815e-05 0 
74 0.390022 0.111302 0.0673907 0.231664 0.131408 0.0379647 0.0224187 0.00657756 0.00125257 0 
75 0.408263 0.0810787 0.0849054 0.158622 0.184362 0.0468171 0.0250532 0.00751434 0.00240546 0.000979361 
76 0.75506 0.120201 0.0334606 0.0476058 0.0273486 0.0100389 0.00458859 0.000817509 0.000878822 0 
77 0.583163 0.0943492 0.0937835 0.0952986 0.0773029 0.036537 0.014617 0.00320909 0.0017395 0 
78 0.720495 0.219918 0.0152387 0.0210493 0.0146169 0.00600673 0.00100999 0.00148738 0.000163183 1.52012e-05 
79 0.380294 0.107954 0.0844376 0.222425 0.13944 0.0364256 0.0215098 0.0063109 0.00120179 0 
80 0.402077 0.0798502 0.0836191 0.185402 0.167537 0.0461077 0.0246736 0.00740049 0.00236901 0.000964522 
81 0.425927 0.0786585 0.0823709 0.153293 0.179452 0.0454195 0.0243053 0.00729003 0.00233366 0.000950126 
82 0.722192 0.234223 0.010907 0.01551 0.0107704 0.00442601 0.000744205 0.00109596 0.00012024 1.12009e-05 
83 0.364971 0.0988499 0.0642202 0.26031 0.139363 0.0402312 0.0237571 0.00697025 0.00132735 0 
84 0.567335 0.11064 0.0827649 0.099697 0.0808707 0.0382233 0.0152916 0.0033572 0.00181978 0 
85 0.563925 0.0986662 0.0827649 0.099697 0.0809045 0.0501638 0.018702 0.0033572 0.00181978 0 
86 0.931804 0.0480878 0.00113851 0.000225725 0.000108054 0.011144 0.00744709 4.51816e-05 0 0 
87 0.794443 0.102357 0.0262581 0.047108 0.0205439 0.00571322 0.00261139 0.000465249 0.000500142 0 
88 0.824907 0.114184 0.0194067 0.0202013 0.0133098 0.00491413 0.00224616 0.000400179 0.000430193 0 
89 0.496661 0.0722662 0.0831043 0.134506 0.143592 0.0395209 0.0211488 0.00634327 0.00203058 0.000826733 
90 0.764778 0.10909 0.0411547 0.0363037 0.0276228 0.0128676 0.00552125 0.00176312 0.000664017 0.000234895 
91 0.743795 0.0747882 0.0542493 0.0478549 0.0364172 0.0321079 0.00727803 0.00232412 0.000875295 0.000309634 
92 0.831811 0.0805161 0.0294384 0.0307936 0.0171468 0.00633082 0.00289371 0.000515546 0.000554212 0 
93 0.884335 0.051115 0.0210615 0.018579 0.0141363 0.00658516 0.00282558 0.000902304 0.000339821 0.000120211 
94 0.77488 0.0706769 0.0545263 0.0495046 0.0286094 0.0133271 0.00571844 0.00182609 0.000687732 0.000243284 
95 0.470454 0.529162 6.18764e-06 0.000101062 0.000250518 1.44841e-07 0 2.55503e-05 0 0 
96 0.563925 0.0986662 0.0827649 0.099697 0.0808707 0.0382233 0.0164192 0.0176142 0.00181978 0 
97 0.568454 0.0943165 0.0791135 0.0952986 0.093464 0.0497876 0.014617 0.00320909 0.0017395 0 
98 0.76418 0.0790558 0.0511493 0.0451204 0.0343311 0.0159925 0.00686213 0.00219131 0.000825278 0.000291941 
99 0.574705 0.0989871 0.0861832 0.104777 0.0866084 0.0280644 0.0164329 0.0021055 0.00155599 0.000580574 
100 0.896307 0.0409873 0.0204597 0.0180481 0.0137325 0.00639701 0.00274485 0.000876524 0.000330111 0.000116776 
101 0.704132 0.209365 0.0324867 0.0256516 0.0177945 0.00731255 0.00122956 0.00181072 0.000198657 1.85058e-05 
102 0.648755 0.191676 0.0940266 0.0394468 0.016371 0.00672754 0.00113119 0.00166586 0.000182765 1.70253e-05 
103 0.953825 0.0245738 0.00704813 0.00621737 0.00473067 0.0022037 0.000945569 0.000301952 0.000113719 4.0228e-05 
104 0.687049 0.221125 0.0191293 0.0272022 0.0189422 0.0230945 0.00130522 0.00192215 0.000210882 1.96446e-05 
105 0.581639 0.13605 0.074563 0.0906499 0.0749309 0.0242804 0.0142172 0.00182161 0.00134619 0.000502294 
106 0.969265 0.01981 0.00667803 0.00210204 0.00103725 0.000936199 8.58432e-05 0 8.58499e-05 0 
107 0.744092 0.125584 0.0465165 0.0383453 0.0284074 0.0104884 0.00479405 0.000854114 0.000918172 0 
108 0.511642 0.0864239 0.102094 0.124121 0.102749 0.0475728 0.0203732 0.00249421 0.00184325 0.000687757 
109 0.755949 0.0754103 0.0504289 0.0498116 0.0426052 0.0157674 0.00676548 0.00216045 0.000813655 0.000287829 
110 0.705191 0.208306 0.0180203 0.0256386 0.0322739 0.00731257 0.00122956 0.00181072 0.000198657 1.85058e-05 
111 0.758411 0.0612131 0.0913022 0.038054 0.028954 0.0134877 0.00578734 0.00184809 0.000696018 0.000246215 
112 0.993344 0.00408111 0.00157356 0.000495309 0.000244408 0.000220598 2.02274e-05 0 2.0229e-05 0 
113 0.562017 0.0957209 0.0802943 0.108706 0.0963218 0.0370823 0.0148352 0.00325698 0.00176546 0 
114 0.865444 0.0531719 0.0296841 0.0220869 0.0168054 0.00782851 0.00335908 0.00107267 0.000403982 0.000142908 
115 0.782393 0.0720949 0.137744 0.000201217 0.00745904 4.32916e-05 2.89307e-05 3.61452e-05 0 0 
116 0.743795 0.0748003 0.0693878 0.0478558 0.0364118 0.0169618 0.00727802 0.00232412 0.000875295 0.000309634 
117 0.304999 0.136263 0.10621 0.26552 0.116905 0.0338475 0.0270534 1.55954e-07 0.00920197 0 
118 0.987014 0.0127182 0.000191852 3.80317e-05 1.52183e-05 9.11757e-06 6.09305e-06 7.61249e-06 0 0 
119 0.576935 0.0957283 0.0802943 0.096721 0.093382 0.0370823 0.0148352 0.00325698 0.00176546 0 
120 0.746111 0.192984 0.0126878 0.0282463 0.0125288 0.00514863 0.000865708 0.0012749 0.000139871 1.30296e-05 
121 0.345449 0.101874 0.0661962 0.268423 0.143547 0.0414691 0.0244881 0.00718472 0.00136819 0 
122 0.749363 0.194809 0.0139708 0.0198668 0.0137958 0.00566928 0.000953251 0.00140382 0.000154015 1.43472e-05 
123 0.687049 0.221125 0.0191388 0.0351804 0.0262864 0.00776255 0.00130522 0.00192215 0.000210882 1.96446e-05 
124 0.993665 0.00381342 0.00154108 0.000485087 0.000239364 0.000216046 1.981e-05 0 1.98115e-05 0 
125 0.743616 0.137435 0.0348862 0.0372022 0.0292815 0.0108111 0.00494156 0.000880395 0.000946423 0 
126 0.848006 0.117247 0.00869511 0.0123646 0.00858618 0.00352843 0.000593282 0.000873704 9.58555e-05 8.92937e-06 
127 0.763877 0.122993 0.0392906 0.0326776 0.0257202 0.00949623 0.00434056 0.00077332 0.000831318 0 
128 0.519041 0.0851144 0.100551 0.132116 0.106314 0.0327418 0.0191717 0.00245641 0.00181532 0.000677336 
129 0.940776 0.0401336 0.00559903 0.00597073 0.0046995 0.00173511 0.00079309 0.000141298 0.000151895 0 
130 0.569272 0.0779436 0.102925 0.109025 0.0901196 0.0292022 0.0170991 0.00219086 0.00161907 0.000604111 
131 0.595043 0.0916481 0.0768531 0.106861 0.0750942 0.035493 0.0141994 0.0031174 0.0016898 0 
132 0.820285 0.0887599 0.0236212 0.0356054 0.019826 0.00732001 0.00334585 0.000596101 0.000640807 0 
133 0.991822 0.00528178 0.00177025 0.000557223 0.000274959 0.000248173 2.27558e-05 0 2.27576e-05 0 
134 0.857844 0.111485 0.00767532 0.0109145 0.00757916 0.0031146 0.0005237 0.000771233 8.46132e-05 7.8821e-06 
135 0.777497 0.0649576 0.0471113 0.0547161 0.0316208 0.01473 0.00632038 0.00201831 0.000760125 0.000268893 
136 0.759093 0.127509 0.0294495 0.0443914 0.0247181 0.00912625 0.00417145 0.00074319 0.000798929 0 
137 0.611058 0.0735266 0.077164 0.094237 0.1003 0.0252031 0.0147132 0.00188515 0.00139315 0.000519816 
138 0.78494 0.139246 0.0222447 0.0237073 0.0186598 0.00688942 0.00314903 0.000561036 0.000603113 0 
139 0.77139 0.112187 0.0302347 0.0322419 0.0253832 0.022697 0.00428268 0.000763009 0.000820234 0 
140 0.766894 0.0646189 0.0464994 0.052483 0.045719 0.0145394 0.0062383 0.0019921 0.000750253 0.000265401 
141 0.775004 0.140956 0.0246479 0.0262842 0.020688 0.00763827 0.00349132 0.000622018 0.000668669 0 
142 0.236354 0.75253 0.00278172 0.00395557 0.00274681 0.00112878 0.000189797 0.000279507 3.06652e-05 2.8566e-06 
143 0.971349 0.0190529 0.00586712 0.0018468 0.000911294 0.000822517 7.54194e-05 0 7.54253e-05 0 
144 0.731773 0.119175 0.0362642 0.0427157 0.0403521 0.0236093 0.00446113 0.000794801 0.00085441 0 
145 0.538826 0.079121 0.0934663 0.124015 0.111396 0.0307526 0.0178216 0.00228343 0.00168748 0.000629636 
146 0.88377 0.0361168 0.0735003 0.00327284 0.00161495 0.00145763 0.000133655 0 0.000133665 0 
147 0.765234 0.16811 0.0195514 0.0208461 0.0164077 0.00605794 0.00276898 0.000493325 0.000530323 0 
148 0.767403 0.138553 0.0117304 0.0295502 0.0270525 0.0235908 0.000800371 0.00117868 0.000129315 1.20462e-05 
149 0.779352 0.166859 0.0202272 0.0159292 0.0110615 0.00454564 0.000764319 0.00112558 0.00012349 1.15036e-05 
150 0.773302 0.225977 0.000516686 0.00010243 4.0987e-05 2.45562e-05 1.64103e-05 2.05026e-05 0 0 
151 0.563925 0.0986662 0.0827649 0.099697 0.0808913 0.0535869 0.015292 0.0033572 0.00181978 0 
152 0.730846 0.0605443 0.0570553 0.0661298 0.0546627 0.0177128 0.0103716 0.00132888 0.000982059 0.000366428 
153 0.587745 0.0729603 0.0861832 0.105156 0.0992166 0.0280644 0.0164329 0.0021055 0.00155599 0.000580574 
154 0.511642 0.0877047 0.116198 0.124121 0.102598 0.0332455 0.0194667 0.00249421 0.00184325 0.000687757 
155 0.784714 0.0849684 0.0433413 0.0371579 0.0282727 0.0131703 0.00565117 0.00180461 0.000679641 0.000240422 
156 0.583162 0.094315 0.0791135 0.0952986 0.0773029 0.0374129 0.0284469 0.00320909 0.0017395 0 
157 0.641798 0.188796 0.0583207 0.0462879 0.0375471 0.0177465 0.00709969 0.0015587 0.000844899 0 
158 0.98049 0.0189924 0.000370359 7.34286e-05 2.93823e-05 1.76035e-05 1.1764e-05 1.46976e-05 0 0 
159 0.743795 0.0747882 0.0573406 0.0599152 0.0364118 0.0169618 0.00727802 0.00232412 0.000875295 0.000309634 
160 0.800601 0.0781633 0.0408768 0.0343307 0.0261215 0.0121682 0.00522119 0.0016673 0.000627929 0.000222129 
161 0.570525 0.0971778 0.0815109 0.098192 0.0947913 0.0376441 0.0150599 0.00330633 0.00179221 0 
162 0.830413 0.0874708 0.0217276 0.0301533 0.0195564 0.00656748 0.00300188 0.000534819 0.00057493 0 
163 0.589204 0.0929464 0.077967 0.0939238 0.0906689 0.0360074 0.0144052 0.00316258 0.00171429 0 
164 0.79363 0.164728 0.0105975 0.0147345 0.0102319 0.00420471 0.000706995 0.00104116 0.000114228 1.06408e-05 
165 0.561261 0.437827 1.46871e-05 0.000240124 0.00059523 3.44141e-07 0 6.07076e-05 0 0 
166 0.576741 0.114517 0.0865557 0.0925919 0.0750942 0.035493 0.0141994 0.0031174 0.0016898 0 
167 0.511642 0.0864239 0.102094 0.124121 0.10263 0.0445543 0.0235101 0.00249421 0.00184325 0.000687757 
168 0.567418 0.118311 0.0817046 0.0899069 0.0927808 0.0303149 0.0139418 0.00447989 0 0.00114189 
169 0.486824 0.138842 0.0641728 0.119039 0.128565 0.035385 0.0189356 0.00567944 0.00181808 0.000740214 
170 0.595762 0.0693525 0.094273 0.111755 0.0825253 0.0266785 0.0156214 0.00200152 0.00147915 0.000551903 
171 0.362117 0.085328 0.133231 0.162105 0.167287 0.0546588 0.0251375 0.00807737 0 0.00205885 
172 0.765146 0.0685558 0.0497285 0.0439589 0.0458224 0.0169004 0.00667152 0.00213044 0.000802354 0.000283831 
173 0.691174 0.233542 0.0188394 0.02679 0.0186034 0.00764493 0.00128545 0.00189303 0.000207687 1.9347e-05 
174 0.563925 0.104125 0.0926908 0.099697 0.0808707 0.0382233 0.0152916 0.0033572 0.00181978 0 
175 0.739854 0.0759389 0.0656296 0.05343 0.036972 0.0172227 0.00738999 0.00235987 0.000888761 0.000314398 
176 0.576642 0.0795986 0.0873172 0.106161 0.100886 0.028448 0.0166491 0.0021332 0.00157646 0.000588213 
177 0.740603 0.183844 0.0157393 0.0224043 0.0229687 0.0115958 0.00107392 0.00158152 0.000173511 1.61633e-05 
178 0.3813 0.105866 0.0597604 0.228689 0.157104 0.0374501 0.0221073 0.00648621 0.00123517 0 
179 0.716949 0.143023 0.0651472 0.0325352 0.0240318 0.0111948 0.00480349 0.00153392 0.000577695 0.000204359 
180 0.537409 0.0875804 0.0990463 0.120415 0.0995351 0.0322531 0.0188856 0.00241975 0.00178823 0.000667227 
181 0.563925 0.102466 0.0928614 0.101185 0.0808707 0.0382233 0.0152916 0.0033572 0.00181978 0 
182 0.761282 0.0700774 0.0645129 0.044485 0.0338476 0.0157673 0.00676548 0.00216045 0.000813655 0.000287829 
183 0.826561 0.097234 0.0248643 0.0219335 0.0166887 0.00777415 0.00333576 0.00106522 0.000401177 0.000141916 
184 0.408263 0.0810787 0.0849054 0.158986 0.183997 0.046818 0.0250532 0.00751434 0.00240546 0.000979361 
185 0.485992 0.0714372 0.086918 0.136498 0.147421 0.0405748 0.0217128 0.00651243 0.00208473 0.000848779 
186 0.624922 0.103011 0.0677501 0.0923219 0.0648962 0.030673 0.0122711 0.00269405 0.00146032 0 
187 0.531326 0.119702 0.0921725 0.112053 0.0926229 0.0300133 0.0175741 0.00225171 0.00166405 0.000620891 
188 0.761197 0.0791595 0.061068 0.0421144 0.0320424 0.0149264 0.00640465 0.00204522 0.00077026 0.000272478 
189 0.739854 0.0759388 0.0550839 0.0485912 0.036972 0.0172227 0.00738999 0.00236123 0.0162719 0.000314478 
190 0.771053 0.0374668 0.186598 0.00241694 0.00119235 0.00107619 9.86795e-05 0 9.86873e-05 0 
191 0.79992 0.0662566 0.0436641 0.0385174 0.0293071 0.0136522 0.00585792 0.00187063 0.000704506 0.000249218 
192 0.758298 0.0706522 0.0511612 0.0593635 0.0343618 0.0159925 0.00686213 0.00219131 0.000825279 0.000291941 
193 0.539938 0.0814286 0.0961845 0.129595 0.098464 0.0313182 0.0183382 0.00234961 0.00173639 0.000647887 
194 0.778562 0.109579 0.0465637 0.030284 0.021877 0.00807725 0.00369197 0.000657766 0.000707098 0 
195 0.747619 0.0736719 0.0534396 0.0471407 0.0366345 0.0308678 0.00716939 0.00228943 0.000862231 0.000305013 
196 0.925722 0.0603211 0.0034927 0.00496669 0.00344894 0.00141732 0.000238313 0.000350954 3.85038e-05 3.5868e-06 
197 0.887442 0.0610128 0.0151174 0.016121 0.0126886 0.00468481 0.00214134 0.000381504 0.000410117 0 
198 0.558316 0.0875472 0.123016 0.100848 0.0833606 0.027012 0.0158167 0.00202654 0.00149764 0.000558802 
199 0.589929 0.104516 0.0818815 0.0876022 0.084518 0.0335746 0.0134318 0.00294889 0.00159846 0 
200 0.72005 0.226993 0.0155316 0.0165626 0.0130363 0.00481316 0.00220001 0.000391957 0.000421353 0 
201 0.724284 0.216565 0.0148024 0.0210493 0.0146169 0.00600673 0.00100999 0.00148738 0.000163183 1.52012e-05 
202 0.55538 0.0971712 0.0964943 0.0983835 0.0947679 0.0376441 0.0150599 0.00330633 0.00179221 0 
203 0.443407 0.0767427 0.090076 0.144234 0.169765 0.0428607 0.022936 0.00687933 0.00220218 0.000896598 
204 0.751188 0.0781086 0.0471402 0.067845 0.0316208 0.01473 0.00632038 0.00201831 0.000760125 0.000268893 
205 0.761834 0.0695251 0.0504289 0.0444849 0.0338476 0.0157755 0.0208418 0.00216045 0.000813655 0.000287829 
206 0.970097 0.0294567 0.000320887 6.26692e-05 2.50769e-05 1.50241e-05 1.00402e-05 1.2544e-05 0 0 
207 0.914139 0.0719714 0.00155265 0.01205 0.000114764 6.87572e-05 4.59488e-05 5.74072e-05 0 0 
208 0.749831 0.0740882 0.0571798 0.0549959 0.0369722 0.0164629 0.00706396 0.00225576 0.000849551 0.000300527 
209 0.347159 0.110815 0.0709303 0.253048 0.143537 0.0414691 0.0244881 0.00718472 0.00136819 0 
210 0.747748 0.0733414 0.0716192 0.0476495 0.0338476 0.0157673 0.00676548 0.00216045 0.000813655 0.000287829 
211 0.713884 0.211835 0.0265213 0.0226685 0.0157413 0.00646879 0.00108768 0.00160179 0.000175735 1.63705e-05 
212 0.599013 0.0963813 0.0774688 0.101143 0.0730083 0.0345071 0.0138049 0.0030308 0.00164286 0 
213 0.54652 0.0805632 0.108779 0.115255 0.0952693 0.0308708 0.0180762 0.00231605 0.00171159 0.000638631 
214 0.576894 0.10596 0.0815109 0.0981864 0.0796454 0.0376441 0.0150599 0.00330633 0.00179221 0 
215 0.584531 0.0976195 0.0780012 0.101771 0.0827872 0.0360074 0.0144052 0.00316258 0.00171429 0 
216 0.649823 0.083476 0.0730264 0.0816795 0.0648962 0.030673 0.0122711 0.00269405 0.00146032 0 
217 0.92522 0.0730456 0.00124201 0.000246245 9.85345e-05 5.9034e-05 3.9451e-05 4.9289e-05 0 0 
218 0.761225 0.137036 0.0298429 0.0318177 0.0250434 0.00924633 0.00422633 0.000752969 0.000809441 0 
219 0.967975 0.0206371 0.00696099 0.00219111 0.0010812 0.000975868 8.94806e-05 0 8.94876e-05 0 
220 0.797988 0.111051 0.0266777 0.0284488 0.0223917 0.0082673 0.00377884 0.000673243 0.000723736 0 
221 0.576941 0.0957225 0.0952129 0.0967272 0.0784566 0.0370823 0.0148352 0.00325698 0.00176546 0 
222 0.345449 0.101874 0.0661962 0.253048 0.158918 0.0414727 0.0244881 0.00718472 0.00136819 0 
223 0.85044 0.115356 0.00868811 0.0121106 0.00840975 0.00345593 0.000581092 0.000855752 9.38859e-05 8.74589e-06 
224 0.611443 0.145166 0.0625549 0.0753524 0.0611232 0.0288897 0.0115576 0.00253742 0.00137542 0 
225 0.413305 0.0767743 0.119992 0.151717 0.16024 0.044103 0.0236008 0.00707873 0.00226601 0.000922586 
226 0.968336 0.0209988 0.00651902 0.00205199 0.00101255 0.000913908 8.37993e-05 0 8.38059e-05 0 
227 0.560707 0.090832 0.0885997 0.107576 0.0983769 0.0326828 0.0168711 0.00216164 0.00159748 0.000596056 
228 0.408263 0.0810787 0.0849054 0.161127 0.181856 0.0468171 0.0250532 0.00751434 0.00240546 0.000979361 
229 0.936541 0.0621174 0.000960619 0.000190456 7.62103e-05 4.56591e-05 3.05129e-05 3.81219e-05 0 0 
230 0.571836 0.104775 0.0997595 0.101041 0.071035 0.0335745 0.0134318 0.00294889 0.00159846 0 
231 0.82851 0.0796815 0.0308218 0.0230376 0.027071 0.00672777 0.0030302 0.000539865 0.000580354 0 
232 0.760332 0.127278 0.0315885 0.0302268 0.0237912 0.00878959 0.0165094 0.000715321 0.000768969 0 
233 0.489174 0.0743712 0.0952235 0.145557 0.131626 0.0362275 0.0193864 0.00581467 0.00186137 0.000757839 
234 0.950052 0.0210122 0.0140949 0.0115834 0.00157508 0.00142163 0.000130354 0 0.000130365 0 
235 0.642447 0.126825 0.0610982 0.0740169 0.0611821 0.0198253 0.0116086 0.00148737 0.00109919 0.00041013 
236 0.73625 0.0729639 0.0526673 0.0758457 0.0353409 0.0164629 0.00706396 0.00225576 0.000849551 0.000300527 
237 0.503775 0.0832729 0.141045 0.118646 0.0980713 0.0317788 0.0186079 0.00238417 0.00176193 0.000657414 
238 0.745288 0.068485 0.0717732 0.049763 0.0402714 0.0149264 0.00640465 0.00204522 0.00077026 0.000272478 
239 0.526218 0.0838459 0.0990463 0.120415 0.0995351 0.032254 0.0338101 0.00241975 0.00178823 0.000667227 
240 0.408263 0.0810787 0.0879087 0.169754 0.170226 0.0468171 0.0250532 0.00751434 0.00240546 0.000979361 
241 0.352356 0.103341 0.0651932 0.264366 0.141363 0.0408408 0.0241171 0.00707586 0.00134746 0 
242 0.408263 0.0810787 0.0880882 0.166696 0.173104 0.0468171 0.0250532 0.00751434 0.00240546 0.000979361 
243 0.962601 0.0186593 0.0104658 0.00140533 0.006128 0.000625828 5.73843e-05 0 5.73888e-05 0 
244 0.560215 0.107431 0.083631 0.109364 0.0840668 0.0360106 0.0144052 0.00316258 0.00171429 0 
245 0.50389 0.0851208 0.130844 0.12224 0.101043 0.0327418 0.0191717 0.00245641 0.00181532 0.000677336 
246 0.604929 0.337345 0.0169498 0.0180459 0.0142037 0.00524419 0.00239702 0.000427057 0.000459086 0 
247 0.603536 0.121245 0.0878467 0.078076 0.0633325 0.0299339 0.0119754 0.00262913 0.00142513 0 
248 0.576945 0.396115 0.00790111 0.0084256 0.0066317 0.00244851 0.00111917 0.000199393 0.000214347 0 
249 0.757819 0.181891 0.012566 0.0279533 0.0124042 0.00509662 0.000856963 0.00126202 0.000138458 1.2898e-05 
250 0.684727 0.305606 0.00590933 0.00186008 0.00091785 0.000828435 7.59619e-05 0 7.59679e-05 0 
251 0.764824 0.124431 0.0500819 0.0271912 0.0209153 0.00772221 0.00352968 0.000628853 0.000676017 0 
252 0.428074 0.0763987 0.0944452 0.162871 0.16024 0.044103 0.0236008 0.00707873 0.00226601 0.000922586 
253 0.364296 0.0700928 0.144035 0.171917 0.162371 0.0530512 0.0243982 0.0078398 0 0.0019983 
254 0.654004 0.0820183 0.074321 0.0790281 0.0641048 0.0302989 0.0121214 0.00266119 0.00144251 0 
255 0.868933 0.0615759 0.0304613 0.0172729 0.013595 0.00501943 0.00229429 0.000408755 0.000439411 0 
256 0.839592 0.0674118 0.0303438 0.0267663 0.0203659 0.0094871 0.00407076 0.00129993 0.000489572 0.000173185 
257 0.724876 0.205468 0.0204296 0.0217851 0.0171468 0.00633082 0.00289371 0.000515546 0.000554212 0 
258 0.519036 0.0851199 0.100547 0.124884 0.113551 0.0327418 0.0191717 0.00245641 0.00181532 0.000677336 
259 0.576942 0.0957209 0.0802943 0.0967311 0.0933718 0.0370823 0.0148352 0.00325698 0.00176546 0 
260 0.563925 0.0986662 0.0835731 0.11427 0.0808743 0.0382233 0.0152916 0.0033572 0.00181978 0 
261 0.753563 0.208216 0.00956579 0.0136011 0.00944479 0.00388127 0.000652611 0.000961075 0.000105441 9.82231e-06 
262 0.945944 0.0232188 0.0239634 0.00340199 0.0016787 0.00151516 0.00013893 0 0.000138941 0 
263 0.743795 0.0747882 0.0542493 0.0478549 0.0364118 0.0313985 0.00799278 0.00232412 0.000875295 0.000309634 
264 0.408263 0.0810787 0.084909 0.17207 0.170909 0.0468171 0.0250532 0.00751434 0.00240546 0.000979361 
265 0.830856 0.137123 0.0112425 0.0103688 0.00653097 0.00268386 0.000451273 0.000664573 7.29114e-05 6.79202e-06 
266 0.562944 0.109719 0.0802997 0.111641 0.0784566 0.0370823 0.0148352 0.00325698 0.00176546 0 
267 0.69085 0.218715 0.0188396 0.0419413 0.0186034 0.00764493 0.00128545 0.00189303 0.000207687 1.9347e-05 
268 0.357108 0.0998919 0.0779816 0.256528 0.137267 0.0396396 0.0234078 0.00686775 0.00130783 0 
269 0.723399 0.249449 0.00679467 0.00966198 0.00670942 0.00275719 0.000463603 0.000682731 7.49035e-05 6.9776e-06 
270 0.739854 0.075942 0.0698337 0.0492228 0.036972 0.0172227 0.00738999 0.00235987 0.000888761 0.000314398 
271 0.606663 0.0707968 0.0819272 0.111949 0.0823315 0.0266785 0.0156214 0.00200152 0.00147915 0.000551903 
272 0.350832 0.078381 0.145012 0.164599 0.16986 0.0554997 0.0255243 0.00820164 0 0.00209053 
273 0.459436 0.0858681 0.0756008 0.140801 0.164595 0.0416866 0.0223076 0.00669085 0.00214185 0.000872033 
274 0.755052 0.120209 0.0323944 0.0488306 0.0271899 0.0100389 0.00458859 0.000817509 0.000878822 0 
275 0.736219 0.129486 0.0453066 0.0421273 0.0292815 0.0108111 0.00494156 0.000880395 0.000946423 0 
276 0.812968 0.0951192 0.0251923 0.0346577 0.0200347 0.00739706 0.00338107 0.000602375 0.000647553 0 
277 0.675577 0.176447 0.0555626 0.0394803 0.0300397 0.0139935 0.00600436 0.0019174 0.000722119 0.000255448 
278 0.743794 0.0747898 0.0542493 0.0481939 0.051223 0.0169631 0.00727802 0.00232412 0.000875295 0.000309634 
279 0.782832 0.118044 0.0290719 0.0310019 0.0244012 0.00900924 0.00411797 0.000733662 0.000788686 0 
280 0.564133 0.232576 0.0523018 0.0629156 0.0510349 0.0241215 0.00965006 0.00211862 0.00114841 0 
281 0.768363 0.0676173 0.0490507 0.0566596 0.033222 0.0153353 0.00658013 0.00210126 0.000791363 0.000279943 
282 0.546521 0.0802547 0.0948015 0.115255 0.0978175 0.0425981 0.0180865 0.00231605 0.00171159 0.000638631 
283 0.761834 0.057626 0.0592883 0.0662584 0.0355104 0.0119093 0.0051101 0.00163183 0.000614569 0.000217403 
284 0.754422 0.0641042 0.0527904 0.0736885 0.0312101 0.0145387 0.0062383 0.0019921 0.000750253 0.000265401 
285 0.578395 0.10311 0.0855909 0.106909 0.0730082 0.0345071 0.0138049 0.0030308 0.00164286 0 
286 0.788973 0.136682 0.0218049 0.0232514 0.0183009 0.00675693 0.00308847 0.000550247 0.000591515 0 
287 0.568184 0.0950136 0.0933926 0.110004 0.0773029 0.036537 0.014617 0.00320909 0.0017395 0 
288 0.566606 0.407913 0.00637666 0.00906739 0.00629653 0.00258752 0.000435074 0.000640717 7.0294e-05 6.54821e-06 
289 0.747619 0.0736719 0.0534396 0.062066 0.0358684 0.0167086 0.00716939 0.00228943 0.000862231 0.000305013 
290 0.739854 0.0759396 0.0649283 0.0541305 0.036972 0.0172227 0.00738999 0.00235987 0.000888761 0.000314398 
291 0.798752 0.10745 0.0306099 0.0269951 0.02054 0.00956818 0.00410555 0.00131104 0.000493756 0.000174665 
292 0.736219 0.129447 0.0499127 0.0375604 0.0292815 0.0108111 0.00494156 0.000880395 0.000946423 0 
293 0.784903 0.0635344 0.04544 0.0525205 0.03042 0.0141706 0.00608037 0.00194167 0.000731259 0.000258682 
294 0.551431 0.103831 0.0914553 0.110518 0.0913541 0.0296022 0.0173333 0.00222087 0.00164125 0.000612386 
295 0.725064 0.148594 0.0435521 0.0366386 0.0288378 0.0106473 0.00486669 0.000867055 0.000932084 0 
296 0.821388 0.0876568 0.0237323 0.0354942 0.019826 0.00732001 0.00334585 0.000596101 0.000640808 0 
297 0.733705 0.137833 0.0347792 0.0350602 0.0420622 0.0101844 0.00465509 0.000829357 0.000891558 0 
298 0.532135 0.0836634 0.0975898 0.133351 0.0980713 0.0317788 0.0186079 0.00238417 0.00176193 0.000657414 
299 0.788053 0.112642 0.0262106 0.0419938 0.0194402 0.00717062 0.00327756 0.000583935 0.00062773 0 
300 0.745767 0.15594 0.0330249 0.0337415 0.0199846 0.00709819 0.00324446 0.000578037 0.000621389 0 
301 0.951226 0.0262373 0.0175135 0.00248607 0.00122674 0.00110723 0.000101526 0 0.000101534 0 
302 0.345449 0.101874 0.0661962 0.253048 0.143537 0.0415025 0.0398386 0.0071855 0.00136819 0 
303 0.579708 0.0862238 0.12003 0.0995132 0.0732841 0.0237468 0.0139048 0.00178158 0.00131661 0.000491255 
304 0.8073 0.0566377 0.040687 0.0376195 0.0369442 0.0127213 0.00545851 0.00174309 0.000656472 0.000232226 
305 0.808782 0.0702735 0.0362725 0.041898 0.0242745 0.0113079 0.00485201 0.00154941 0.00058353 0.000206423 
306 0.601706 0.0884112 0.0862066 0.0875785 0.0845439 0.0335748 0.0134318 0.00294889 0.00159846 0 
307 0.576748 0.074909 0.0884814 0.114835 0.0949877 0.0288128 0.0168711 0.00216164 0.00159748 0.000596056 
308 0.408263 0.0810787 0.0849054 0.172882 0.170102 0.0468171 0.0250532 0.00751434 0.00240546 0.000979361 
309 0.764176 0.109438 0.0294494 0.050378 0.0317186 0.00912625 0.00417145 0.00074319 0.000798929 0 
310 0.576942 0.0957209 0.0802993 0.111628 0.0784698 0.0370823 0.0148352 0.00325698 0.00176546 0 
311 0.753153 0.0766166 0.0621568 0.0467023 0.0348287 0.0162243 0.00696158 0.00222307 0.000837239 0.000296172 
312 0.419652 0.0817536 0.10606 0.150819 0.162597 0.0447516 0.0239479 0.00718282 0.00229934 0.000936154 
313 0.688685 0.22088 0.0188394 0.02679 0.0186034 0.00767737 0.0164045 0.00189303 0.000207687 1.9347e-05 
314 0.746898 0.0743933 0.0534396 0.062066 0.0358683 0.0167086 0.00716939 0.00228943 0.000862231 0.000305013 
315 0.736625 0.073911 0.0661164 0.0610741 0.0353409 0.0164629 0.00706396 0.00225576 0.000849551 0.000300527 
316 0.559817 0.0871324 0.0998563 0.112359 0.0901196 0.0292022 0.0170991 0.00219086 0.00161907 0.000604111 
317 0.751331 0.0764787 0.0634695 0.0464474 0.0353409 0.0164629 0.00706396 0.00225576 0.000849551 0.000300527 
318 0.444179 0.0742323 0.0777303 0.158272 0.169811 0.0428607 0.022936 0.00687933 0.00220218 0.000896598 
319 0.739854 0.0759388 0.0550839 0.0486465 0.051725 0.017799 0.00738999 0.00235987 0.000888761 0.000314398 
320 0.417229 0.0804201 0.0981598 0.155152 0.167524 0.0461077 0.0246736 0.00740049 0.00236901 0.000964522 
321 0.533178 0.0831442 0.110924 0.119492 0.0980713 0.0317788 0.0186079 0.00238417 0.00176193 0.000657414 
322 0.526218 0.0838457 0.0990463 0.120415 0.0999603 0.0458977 0.0197412 0.00241975 0.00178823 0.000667227 
323 0.524737 0.0791258 0.0934678 0.146696 0.103115 0.030436 0.0178216 0.00228343 0.00168748 0.000629636 
324 0.764187 0.1162 0.0310631 0.0331253 0.0333016 0.0160959 0.00440002 0.000783913 0.000842706 0 
325 0.955985 0.0297193 0.00873826 0.00275055 0.00135725 0.00122503 0.000112327 0 0.000112336 0 
326 0.736219 0.129447 0.0348862 0.0372022 0.0429127 0.0125645 0.00494156 0.000880395 0.000946423 0 
327 0.576942 0.0957209 0.0802943 0.096721 0.0784648 0.0519995 0.0148352 0.00325698 0.00176546 0 
328 0.737013 0.122836 0.0592144 0.0367923 0.027584 0.0101844 0.00465509 0.000829357 0.000891558 0 
329 0.747619 0.0736719 0.0534396 0.0471407 0.0358725 0.0282176 0.0105817 0.00228943 0.000862231 0.000305013 
330 0.568451 0.108969 0.0792006 0.109973 0.0773035 0.036537 0.014617 0.00320909 0.0017395 0 
331 0.408263 0.0810787 0.0849054 0.157498 0.170108 0.0586928 0.0285556 0.00751434 0.00240546 0.000979361 
332 0.517925 0.0862309 0.102359 0.133415 0.103208 0.0327418 0.0191717 0.00245641 0.00181532 0.000677336 
333 0.810646 0.061755 0.0416332 0.0367259 0.0279439 0.0130172 0.00558545 0.00178362 0.000671738 0.000237626 
334 0.437489 0.0734357 0.0854804 0.154452 0.162927 0.0546363 0.0220062 0.00660043 0.0021129 0.000860249 
335 0.519041 0.0851144 0.100594 0.13705 0.101338 0.0327418 0.0191717 0.00245641 0.00181532 0.000677336 
336 0.511642 0.0864239 0.103228 0.138355 0.102614 0.0332455 0.0194667 0.00249421 0.00184325 0.000687757 
337 0.425443 0.0864282 0.0846598 0.161755 0.162597 0.0447516 0.0239479 0.00718283 0.00229934 0.000936154 
338 0.511642 0.0864239 0.117411 0.124189 0.102598 0.0332455 0.0194667 0.00249421 0.00184325 0.000687757 
339 0.862368 0.0469301 0.0346945 0.0239275 0.0182059 0.00848089 0.00363901 0.00116206 0.000437648 0.000154817 
340 0.783214 0.165556 0.0128253 0.0182283 0.012658 0.00520171 0.000874633 0.00128804 0.000141313 1.31639e-05 
341 0.417227 0.0798524 0.0867595 0.166928 0.167718 0.0461077 0.0246736 0.00740049 0.00236901 0.000964522 
342 0.606315 0.0890801 0.0747452 0.10367 0.0732044 0.0345071 0.0138049 0.0030308 0.00164286 0 
343 0.74162 0.139431 0.0348862 0.0372022 0.0292815 0.0108111 0.00494156 0.000880395 0.000946423 0 
344 0.443624 0.161786 0.0580926 0.180749 0.102527 0.0296208 0.0174915 0.00513194 0.000977281 0 
345 0.740195 0.127512 0.0478869 0.0382551 0.0288378 0.0106473 0.00486669 0.000867055 0.000932084 0 
346 0.511642 0.0864239 0.117398 0.124201 0.102598 0.0332455 0.0194667 0.00249421 0.00184325 0.000687757 
347 0.583144 0.0943323 0.0794285 0.109583 0.0774091 0.036537 0.014617 0.00320909 0.0017395 0 
348 0.578469 0.0967284 0.108804 0.0900042 0.0730082 0.0345071 0.0138049 0.0030308 0.00164286 0 
349 0.511642 0.0864239 0.102094 0.124121 0.102605 0.0486233 0.0194667 0.00249421 0.00184325 0.000687757 
350 0.350832 0.0728244 0.135184 0.168056 0.181788 0.0554997 0.0255243 0.00820164 0 0.00209053 
351 0.961056 0.0382595 0.000489877 9.71247e-05 3.88642e-05 2.32843e-05 1.55603e-05 1.94407e-05 0 0 
352 0.785666 0.105187 0.0408326 0.0302393 0.0237912 0.00878401 0.00401502 0.000715321 0.000768969 0 
353 0.75798 0.0802165 0.061898 0.0426814 0.0324754 0.0151281 0.0064912 0.00207286 0.000780669 0.00027616 
354 0.745986 0.0671245 0.0480332 0.0578599 0.0469339 0.0221832 0.00887461 0.00194837 0.00105612 0 
355 0.570532 0.0971712 0.0815109 0.0982285 0.0947548 0.0376441 0.0150599 0.00330633 0.00179221 0 
356 0.91827 0.0496477 0.00940915 0.0100338 0.0078975 0.00291585 0.00133279 0.000237451 0.000255259 0 
357 0.247537 0.158345 1.03336e-05 0.287464 0.111972 0.140889 0 0.0269728 0.0268088 0 
358 0.73997 0.205399 0.0136942 0.0194301 0.0134926 0.00554468 0.000932301 0.00137296 0.00015063 1.40319e-05 
359 0.808296 0.0672355 0.0474581 0.0329003 0.0250331 0.0116612 0.00500364 0.00159783 0.000601766 0.000212874 
360 0.743795 0.0747882 0.0576399 0.0596147 0.036413 0.0169618 0.00727802 0.00232412 0.000875295 0.000309634 
361 0.521102 0.0999682 0.0964713 0.120867 0.107201 0.0313182 0.0183382 0.00234961 0.00173639 0.000647887 
362 0.50389 0.0851144 0.100547 0.122549 0.116423 0.0473315 0.0191955 0.00245641 0.00181532 0.000677336 
363 0.744402 0.121223 0.043156 0.0365671 0.0385586 0.00989748 0.00452396 0.000805995 0.000866444 0 
364 0.804629 0.111115 0.0248644 0.0262842 0.020688 0.00763827 0.00349132 0.000622018 0.000668669 0 
365 0.682215 0.243625 0.0185582 0.0263902 0.0183257 0.00753083 0.00126626 0.00186477 0.000204587 1.90582e-05 
366 0.345516 0.071721 0.141301 0.183481 0.168047 0.0546588 0.0251375 0.00807737 0 0.00205885 
367 0.519041 0.0851148 0.109066 0.128872 0.101043 0.0327418 0.0191717 0.00245641 0.00181532 0.000677336 
368 0.752899 0.0782778 0.0550839 0.0485912 0.036972 0.0172227 0.00738999 0.00235987 0.000888761 0.000314398 
369 0.575323 0.102653 0.0827649 0.099697 0.0808707 0.0382233 0.0152916 0.0033572 0.00181978 0 
370 0.713695 0.0733858 0.0602438 0.0646015 0.0510349 0.0241215 0.00965006 0.00211862 0.00114841 0 
371 0.408263 0.0810787 0.0849054 0.163876 0.176117 0.0498083 0.0250532 0.00751434 0.00240546 0.000979361 
372 0.595092 0.208974 0.0507696 0.0655891 0.0461105 0.021794 0.00871891 0.00191419 0.00103759 0 
373 0.563925 0.0986662 0.0837883 0.114058 0.0808711 0.0382233 0.0152916 0.0033572 0.00181978 0 
374 0.796238 0.056336 0.0520506 0.0363117 0.0382519 0.0127213 0.00545851 0.00174309 0.000656471 0.000232226 
375 0.355362 0.100335 0.0651936 0.264333 0.141394 0.0408408 0.0241171 0.00707586 0.00134746 0 
376 0.746294 0.136588 0.0379385 0.0392304 0.0226715 0.0105611 0.00453159 0.00144709 0.000544995 0.000192791 
377 0.57287 0.109053 0.0840314 0.102125 0.0844158 0.0273539 0.0160169 0.00205219 0.0015166 0.000565876 
378 0.700856 0.211369 0.0182853 0.0260021 0.0194129 0.0207693 0.00124764 0.00183735 0.000201579 1.8778e-05 
379 0.747764 0.138535 0.0333471 0.035561 0.0279897 0.0103341 0.00472355 0.000841554 0.000904669 0 
380 0.747097 0.11774 0.0443323 0.0347146 0.0402454 0.00976001 0.00446113 0.000794801 0.00085441 0 
381 0.563925 0.0986662 0.0981495 0.099697 0.0808707 0.0382233 0.0152916 0.0033572 0.00181978 0 
382 0.591946 0.20123 0.05527 0.0661298 0.0546627 0.0177128 0.0103716 0.00132888 0.000982059 0.000366428 
383 0.708553 0.188891 0.0334622 0.029518 0.0224596 0.0104624 0.00448924 0.00143357 0.000539902 0.000190989 
384 0.340215 0.10033 0.0654194 0.263479 0.157174 0.0408408 0.0241171 0.00707586 0.00134746 0 
385 0.734955 0.0987438 0.0636203 0.043867 0.0333775 0.0155483 0.00667151 0.00213044 0.000802354 0.000283831 
386 0.605909 0.0833055 0.0828388 0.0842484 0.0903296 0.0360897 0.0129085 0.002834 0.00153618 0 
387 0.570531 0.0971718 0.0815109 0.0981864 0.0796454 0.0376441 0.0174318 0.016086 0.00179222 0 
388 0.784488 0.107726 0.0379811 0.0322003 0.0234975 0.00867557 0.00396545 0.00070649 0.000759476 0 
389 0.715995 0.158943 0.0550086 0.0310019 0.0244012 0.00900924 0.00411797 0.000733662 0.000788686 0 
390 0.736621 0.0872979 0.0526693 0.0611378 0.0353409 0.0164629 0.00706396 0.00225576 0.000849551 0.000300527 
391 0.529751 0.0860468 0.0975897 0.118665 0.112756 0.0317788 0.0186079 0.00238417 0.00176193 0.000657414 
392 0.519036 0.100271 0.100547 0.12224 0.101043 0.0327418 0.0191717 0.00245641 0.00181532 0.000677336 
393 0.734072 0.116877 0.0353274 0.0714191 0.0264347 0.00976001 0.00446113 0.000794801 0.00085441 0 
