2 0.809415 0.172763 0.00973298 0.00229103 0.00202998 0.000791209 0.00106637 0.000363532 0.000488634 0.0010588 
3 0.895519 0.101464 0.000771414 0.00135649 0.000839108 1.13759e-05 1.16304e-05 1.28074e-05 2.52909e-06 1.15682e-05 
4 0.995855 0.000890517 0.00202172 0.000909661 0.000305969 8.21683e-06 2.73957e-06 3.01682e-06 5.95735e-07 2.72492e-06 
5 0.385993 0.0470677 0.0975934 0.0679678 0.055147 0.0483612 0.0575357 0.0623492 0.014668 0.163317 
6 0.976233 0.00399961 0.0192064 0.000441179 1.22759e-05 1.60195e-06 1.62347e-06 1.78777e-06 3.77963e-07 0.000102303 
7 0.452473 0.173793 0.0948925 0.0303944 0.0360017 0.0419744 0.0298512 0.0235841 0.0106808 0.106354 
8 0.703622 0.292923 0.00174284 0.000484869 0.000429544 0.00016742 0.000225645 7.69236e-05 0.000103395 0.000224043 
9 0.993485 0.00417536 0.0022688 3.60576e-05 1.49643e-05 4.5074e-06 4.60825e-06 5.07462e-06 1.00209e-06 4.58361e-06 
10 0.922942 0.0614198 0.0126559 0.00127853 0.000545939 0.000376481 0.000278101 0.000113711 0.000137909 0.00025144 
11 0.973474 0.0156639 0.0083483 0.00113467 0.000483821 0.000188019 0.000253408 8.63882e-05 0.000116117 0.000251609 
12 0.576822 0.102412 0.0704581 0.0434781 0.0511325 0.0247223 0.0403588 0.0230244 0.00816059 0.0594313 
13 0.992666 0.00674165 0.000137094 0.000447543 5.98543e-06 7.13271e-07 0 3.01199e-07 3.0113e-07 0 
14 0.948738 0.0455962 0.0020896 0.00318436 0.0001257 8.66628e-05 6.40167e-05 2.61753e-05 3.17456e-05 5.78794e-05 
15 0.484456 0.0968455 0.122671 0.053453 0.0454546 0.0417354 0.0272095 0.0214971 0.00973557 0.0969426 
16 0.976107 0.00218755 0.0205652 0.000712801 0.000399655 6.35258e-06 6.49462e-06 7.15189e-06 1.41229e-06 6.45989e-06 
17 0.995643 0.000999785 0.00300946 0.000252816 5.50442e-05 1.30675e-05 9.59805e-06 3.92447e-06 4.75963e-06 8.67788e-06 
18 0.946162 0.0163727 0.0104252 0.00751096 0.012719 0.000103313 0.00646922 0.000113064 2.23269e-05 0.000102124 
19 0.536855 0.110353 0.0995737 0.0588938 0.0287447 0.0208665 0.0368293 0.0162452 0.01926 0.0723789 
20 0.6976 0.122847 0.0771518 0.0288063 0.0160947 0.011128 0.0165926 0.00702907 0.00360884 0.0191421 
21 0.586006 0.241641 0.0753316 0.0329518 0.0212634 0.00893411 0.00759565 0.00589899 0.00323227 0.0171446 
22 0.932056 0.0641167 0.00136682 0.0024023 2.51071e-05 7.40231e-06 7.56793e-06 8.33382e-06 1.64569e-06 7.52746e-06 
23 0.461039 0.429964 0.052742 0.0177727 0.00952578 0.00604316 0.00513823 0.00399049 0.00218654 0.0115978 
24 0.674413 0.124489 0.0715426 0.0372508 0.0149914 0.0148862 0.0158581 0.0119431 0.0175773 0.0170481 
25 0.586856 0.10837 0.0759533 0.04974 0.0329961 0.0233981 0.0228953 0.0253537 0.00898698 0.0654497 
26 0.54892 0.214507 0.0882503 0.0247974 0.0289292 0.0151513 0.0148257 0.0164175 0.00581944 0.0423813 
27 0.674403 0.187029 0.124648 0.00407201 0.00344746 0.00134369 0.001811 0.000617378 0.000829836 0.00179814 
28 0.00253301 0.996948 3.80824e-07 0.000505502 1.20743e-05 3.5826e-07 0 1.56448e-07 1.56412e-07 0 
29 0.575311 0.0826956 0.080431 0.0410749 0.0350164 0.0396125 0.0378666 0.0274375 0.00972564 0.0708291 
30 0.839311 0.15414 0.0046669 0.000759811 0.000359616 0.000247992 0.000183189 7.49025e-05 9.08423e-05 0.000165626 
31 0.995237 0.00457573 0.000142268 2.26274e-05 9.50689e-06 2.86357e-06 2.92764e-06 3.22393e-06 6.36632e-07 2.91199e-06 
32 0.507878 0.0776838 0.331087 0.00983248 0.0280281 0.0100147 0.00698008 0.00523182 0.00203505 0.0212283 
33 0.84241 0.130327 0.0159658 0.00626856 0.00176576 0.000685135 0.00092341 0.000314795 0.000423125 0.000916854 
34 0.972208 0.00782803 0.018092 0.000725692 0.000490871 0.000498208 7.69877e-05 1.81831e-05 2.20526e-05 4.0207e-05 
35 0.50616 0.184262 0.290915 0.00460337 0.00774863 0.00133599 0.00111558 0.00086639 0.000474727 0.00251805 
36 0.988102 0.0117772 2.3347e-05 9.24702e-05 4.31661e-06 5.46879e-07 0 2.38817e-07 2.38762e-07 0 
37 0.727664 0.0456207 0.0620326 0.136743 0.00194475 0.0235723 0.000862453 0.000352631 0.000427673 0.000779746 
38 0.762432 0.214854 0.0173859 0.00338483 0.000622643 0.000429375 0.000317173 0.000129686 0.000157285 0.000286766 
39 0.565207 0.10196 0.0706009 0.043456 0.0370288 0.0267892 0.0262135 0.0290281 0.0104828 0.0892345 
40 0.915763 0.0817302 0.00168623 0.000331281 0.000156794 0.000108126 7.98709e-05 3.26578e-05 3.96076e-05 7.22137e-05 
41 0.842214 0.0199307 0.0331654 0.0539205 0.0420282 0.00741044 0.000473803 0.000193729 0.000234956 0.000428379 
42 0.646966 0.129806 0.0760993 0.0310984 0.0249136 0.0158052 0.0134385 0.0104367 0.00571899 0.0457171 
43 0.956727 0.0228694 0.0150211 0.00297715 0.000883475 0.000319402 0.000430483 0.000146754 0.000197256 0.000427427 
44 0.486007 0.0769248 0.137337 0.115323 0.0401504 0.0231057 0.0226091 0.0250367 0.00887464 0.0646315 
45 0.545301 0.107982 0.0765694 0.0428272 0.0262295 0.0190056 0.0211418 0.0150732 0.0465544 0.0993166 
46 0.989727 0.00282367 0.00739212 2.97743e-05 1.20168e-05 3.61958e-06 3.70056e-06 4.07507e-06 8.04708e-07 3.68077e-06 
47 0.832034 0.167242 0.00055825 8.36153e-05 3.5131e-05 1.05818e-05 1.08186e-05 1.19135e-05 2.35256e-06 1.07607e-05 
48 0.560839 0.148389 0.207777 0.0369812 0.0107024 0.00905991 0.00658359 0.0047977 0.00272259 0.0121484 
49 0.74856 0.147953 0.0420391 0.0278506 0.011762 0.00458436 0.0061787 0.00210635 0.0028312 0.00613483 
50 0.553838 0.0929306 0.090246 0.0461303 0.0393075 0.0284377 0.0278266 0.0308144 0.0109226 0.0795465 
51 0.99173 0.00532496 0.00240978 0.000216188 0.000102294 7.05422e-05 5.21086e-05 2.13063e-05 2.58404e-05 4.71129e-05 
52 0.382042 0.557165 0.0258938 0.012819 0.00517698 0.00433673 0.00315139 0.00229653 0.00130323 0.00581509 
53 0.493847 0.103892 0.120543 0.101262 0.0436828 0.0192496 0.0277926 0.0202317 0.00723882 0.0622611 
54 0.67857 0.134825 0.0978462 0.0207408 0.0155398 0.018991 0.00955331 0.00583816 0.00331303 0.0147829 
55 0.574892 0.110786 0.077779 0.0519118 0.0317933 0.0230371 0.0257868 0.0326649 0.0102419 0.0611077 
56 0.545446 0.0914398 0.0889213 0.0455516 0.0537763 0.028014 0.027405 0.0303476 0.0107571 0.0783413 
57 0.557997 0.12236 0.104761 0.0503872 0.0308582 0.0223596 0.0248727 0.0171709 0.00992366 0.0593104 
58 0.642579 0.126104 0.103506 0.0301701 0.0241699 0.0153334 0.0130373 0.0101251 0.00554793 0.0294274 
59 0.393866 0.0807936 0.0750993 0.048117 0.06997 0.0514389 0.0612619 0.0368074 0.0166685 0.165977 
60 0.541013 0.0880503 0.0700843 0.0574995 0.0498758 0.02645 0.035493 0.0473372 0.0103318 0.0738646 
61 0.675511 0.314177 0.00302687 0.0061199 8.09808e-05 1.63638e-05 0.00102932 1.79849e-05 3.55148e-06 1.62447e-05 
62 0.646966 0.129806 0.0760993 0.0310984 0.0249136 0.0158052 0.0136644 0.0255949 0.00571914 0.0303328 
63 0.905385 0.0282821 0.0575521 0.00292318 0.000600316 0.000414001 0.00428984 0.000125036 0.000151645 0.000276484 
64 0.741799 0.134569 0.05859 0.0247244 0.0133657 0.0109508 0.00361698 0.00278026 0.00152341 0.00808046 
65 0.682105 0.0841288 0.0602471 0.0438713 0.0297731 0.0150541 0.016746 0.0115606 0.00669605 0.049818 
66 0.687699 0.0882884 0.0578629 0.0323225 0.0197958 0.0144151 0.0253153 0.0110188 0.00636925 0.056913 
67 0.905089 0.0378142 0.034283 0.0107521 0.00299662 0.00189197 0.00160866 0.00124933 0.000684551 0.003631 
68 0.376741 0.0916602 0.0849656 0.0469117 0.0666766 0.0551942 0.0534472 0.0352054 0.0160904 0.173107 
69 0.742488 0.194569 0.0401753 0.0189138 0.00123509 0.000851711 0.000629147 0.000257247 0.000311991 0.000568831 
70 0.837985 0.0814959 0.0392174 0.01349 0.00531685 0.00478863 0.00791441 0.00239332 0.00135459 0.00604425 
71 0.995589 0.00312213 0.000649416 0.000536534 3.31786e-05 2.26429e-05 1.6726e-05 6.83896e-06 8.29434e-06 1.51225e-05 
72 0.63544 0.0410646 0.146399 0.176001 0.000471606 0.000142044 0.000145222 0.000159919 3.15794e-05 0.000144446 
73 0.517254 0.460589 0.0147254 0.00403666 0.00119504 0.000461832 0.000622447 0.000212195 0.000285218 0.000618027 
74 0.610205 0.359276 0.014602 0.00375725 0.00301 0.00190955 0.0016236 0.00126094 0.000690912 0.00366474 
75 0.569606 0.133517 0.0897503 0.0497615 0.0559076 0.0173811 0.0187927 0.0129736 0.00749788 0.0448123 
76 0.978421 0.0188262 0.00188902 0.00063542 7.30745e-05 5.03922e-05 3.7224e-05 1.52202e-05 1.84592e-05 3.36554e-05 
77 0.580279 0.0990762 0.0961324 0.0463273 0.0283562 0.03406 0.0228582 0.027525 0.0108841 0.0545015 
78 0.971814 0.00737983 0.0137779 0.00364007 0.000569001 0.00136531 1.14165e-05 4.43479e-05 0.00107171 0.000326775 
79 0.582034 0.10206 0.0714455 0.0750714 0.0292879 0.0213479 0.0370768 0.0162894 0.00937235 0.0560154 
80 0.831306 0.123469 0.0231599 0.00971045 0.00286968 0.00243364 0.00176846 0.00128874 0.000731333 0.00326325 
81 0.804254 0.107618 0.0630091 0.0105669 0.00509437 0.00198558 0.00267612 0.000912304 0.00122625 0.00265712 
82 0.4759 0.0474593 0.112998 0.0587782 0.0473155 0.0402386 0.0413942 0.042391 0.0116807 0.121844 
83 0.658241 0.129306 0.0814476 0.0276905 0.0221833 0.0140731 0.0176196 0.0173377 0.00509193 0.0270087 
84 0.716043 0.124472 0.0572568 0.0238179 0.014986 0.0137109 0.0220875 0.00676496 0.00381918 0.0170414 
85 0.772687 0.0822411 0.0499134 0.0279495 0.0114158 0.00843659 0.0178043 0.00600714 0.00312748 0.0204172 
86 0.575103 0.0839233 0.0861476 0.0480366 0.0391802 0.0344045 0.0252122 0.0274375 0.00972564 0.0708291 
87 0.866133 0.108177 0.0222145 0.00061979 0.000547626 0.00188845 0.000149052 6.094e-05 7.39086e-05 0.000134752 
88 0.566149 0.124212 0.0766267 0.051137 0.0313188 0.0226933 0.0252439 0.0174272 0.0100728 0.07512 
89 0.725789 0.152437 0.0583228 0.0136841 0.0121183 0.00711603 0.0189465 0.0023484 0.002917 0.00632073 
90 0.64782 0.124095 0.0737058 0.0581742 0.0238144 0.0151079 0.0128456 0.00997623 0.00546634 0.0289946 
91 0.68943 0.136587 0.0624619 0.0259832 0.0163484 0.0138644 0.0109951 0.0166014 0.00913827 0.0185907 
92 0.86865 0.0663249 0.0231825 0.0283157 0.00474133 0.00184459 0.0024861 0.000847525 0.00113918 0.00246845 
93 0.593212 0.106132 0.0743973 0.0496548 0.030411 0.0223752 0.0386653 0.0169221 0.00977984 0.0584508 
94 0.625733 0.131075 0.0825896 0.0371803 0.0410894 0.014343 0.0155082 0.0199346 0.00516266 0.0273838 
95 0.67939 0.193727 0.0676523 0.0206308 0.0141693 0.00627 0.0045544 0.00331895 0.00188343 0.00840399 
96 0.667401 0.122312 0.0719286 0.0431554 0.0238613 0.0148889 0.0126594 0.00983165 0.00538712 0.0285744 
97 0.646966 0.129806 0.0760993 0.0310984 0.0249136 0.0158052 0.0134385 0.0104367 0.00657052 0.0448655 
98 0.399926 0.0820366 0.0762546 0.0480909 0.0564282 0.0519215 0.0619028 0.0379839 0.0169249 0.168531 
99 0.669704 0.140396 0.0580632 0.0242962 0.0431586 0.0129527 0.00936568 0.0209091 0.00387303 0.0172815 
100 0.574894 0.110784 0.077779 0.0519118 0.0317933 0.0230371 0.0289498 0.0295003 0.0102435 0.0611077 
101 0.433389 0.0477262 0.105081 0.0501455 0.0764672 0.043801 0.055728 0.0319028 0.012443 0.143315 
102 0.672771 0.0898273 0.0684052 0.0414035 0.0228825 0.0318972 0.0163176 0.0112272 0.00648855 0.0387799 
103 0.753783 0.130356 0.0386869 0.0222414 0.0358949 0.00399786 0.00538656 0.00183631 0.00246823 0.00534831 
104 0.823895 0.0925944 0.0599866 0.0106891 0.00449332 0.00175133 0.0023604 0.000804673 0.00108158 0.00234364 
105 0.502274 0.13538 0.215832 0.0522022 0.017948 0.0127769 0.014213 0.00981196 0.00567066 0.0338917 
106 0.867773 0.0470415 0.0387013 0.0107005 0.0199774 0.00471196 0.00278219 0.00202748 0.00115055 0.00513382 
107 0.487368 0.0782526 0.099084 0.0725464 0.0490982 0.0334011 0.0445744 0.0249106 0.0096896 0.101075 
108 0.820178 0.116138 0.034613 0.0108174 0.00674371 0.00241656 0.00325699 0.00111032 0.00149242 0.00323386 
109 0.723288 0.137048 0.0606906 0.0370608 0.0106071 0.0164566 0.00531839 0.00181306 0.00243699 0.00528061 
110 0.684943 0.109929 0.0859674 0.0405982 0.0168686 0.0107014 0.00909895 0.00706649 0.00446313 0.0303634 
111 0.69024 0.135776 0.0624619 0.0259832 0.0163484 0.0153588 0.0236361 0.00743777 0.00416638 0.0185907 
112 0.715447 0.120305 0.0542433 0.024273 0.0256453 0.0120413 0.00874925 0.00637589 0.00361882 0.0293018 
113 0.737638 0.145882 0.0413728 0.027504 0.0119399 0.0186622 0.00608916 0.00207582 0.00279017 0.00604592 
114 0.790617 0.119906 0.0282162 0.00893729 0.00791891 0.0033217 0.0138257 0.00153128 0.0177236 0.00800179 
115 0.633104 0.138811 0.0727419 0.0297264 0.0238144 0.0151364 0.0421223 0.0100828 0.00546634 0.0289946 
116 0.788721 0.18103 0.0230804 0.00289419 0.00136981 0.000944625 0.000697782 0.00028531 0.000346026 0.000630885 
117 0.825643 0.149477 0.0124089 0.0029626 0.00235375 0.00149322 0.00126962 0.000986022 0.000540278 0.00286575 
118 0.910158 0.0464195 0.0252342 0.00498763 0.00387708 0.00390913 0.00138487 0.000982895 0.000557771 0.00248881 
119 0.581217 0.109152 0.0766181 0.051137 0.0313188 0.0226933 0.0252439 0.0174272 0.0101163 0.0750765 
120 0.469175 0.0484278 0.106627 0.0495552 0.0497291 0.0431973 0.0430029 0.0322372 0.0126182 0.145431 
121 0.982711 0.0162401 0.000372281 6.76735e-05 5.78185e-05 0.000522361 8.75709e-06 9.64207e-06 1.90403e-06 8.70912e-06 
122 0.711608 0.107941 0.0856431 0.0300938 0.029726 0.00899331 0.00651905 0.00475066 0.0026959 0.0120293 
123 0.730185 0.151622 0.0419094 0.0133375 0.0263879 0.00460128 0.0061787 0.00213389 0.0175095 0.00613484 
124 0.647079 0.124022 0.0953931 0.0343445 0.0373805 0.012881 0.0222735 0.00607097 0.00326062 0.017295 
125 0.569494 0.423705 0.0033525 0.000743549 0.000658823 0.000292323 0.00113427 0.000117984 0.000158585 0.000343632 
126 0.638678 0.15601 0.134584 0.0191111 0.0119888 0.0101672 0.00738825 0.00538408 0.00305535 0.0136331 
127 0.388183 0.450558 0.1483 0.00943028 0.00198716 0.000323721 0.000436294 0.000148735 0.000199919 0.000433197 
128 0.986201 0.0126463 0.000465283 3.82071e-05 1.63928e-05 0.00033615 0.000285408 5.44618e-06 1.07294e-06 4.90769e-06 
129 0.653268 0.156168 0.0797706 0.0239724 0.0244979 0.0142776 0.0102407 0.0179333 0.00372717 0.0161445 
130 0.588779 0.107639 0.286794 0.00644801 0.00899626 0.000437402 0.000322504 0.000131866 0.000159928 0.000291586 
131 0.947222 0.0247085 0.019578 0.00454519 0.00344223 0.000440942 1.9204e-05 2.11322e-05 4.173e-06 1.90875e-05 
132 0.711668 0.111383 0.0619827 0.0349568 0.0150997 0.0108604 0.012081 0.00834017 0.00482007 0.0288079 
133 0.633129 0.12408 0.0731559 0.0461624 0.0363703 0.0158526 0.0267461 0.0100427 0.00546634 0.0289946 
134 0.774586 0.130368 0.0456428 0.00859693 0.00761724 0.00333042 0.0226876 0.00136411 0.00183354 0.00397303 
135 0.681289 0.117186 0.0687007 0.0280749 0.0224914 0.0142686 0.0121319 0.00942199 0.00524996 0.0411854 
136 0.676529 0.222716 0.0434598 0.0445269 0.00297017 0.00251388 0.00182677 0.00133123 0.000755443 0.00337083 
137 0.683921 0.147435 0.0876355 0.0187623 0.0217473 0.0167819 0.00441669 0.00952846 0.00180414 0.00796742 
138 0.699484 0.186743 0.0396715 0.00932383 0.028798 0.00374897 0.0140939 0.00157719 0.0114798 0.0050802 
139 0.976282 0.00879999 0.0144841 0.000214073 7.04826e-05 4.86009e-05 3.59008e-05 1.46792e-05 1.7803e-05 3.2459e-05 
140 0.635624 0.128547 0.080391 0.0459618 0.0225475 0.0211897 0.0119739 0.006057 0.0103186 0.0373899 
141 0.726979 0.150366 0.0459417 0.0269032 0.0105004 0.010368 0.00805624 0.00338862 0.00206592 0.0154303 
142 0.652315 0.12784 0.0749462 0.0306272 0.0245361 0.0155657 0.0132348 0.0102785 0.00577591 0.0448808 
143 0.803706 0.0905865 0.0392455 0.0363458 0.0104789 0.00411903 0.00348008 0.00270272 0.00148092 0.00785511 
144 0.550442 0.0605764 0.175993 0.157167 0.0354042 0.00808443 0.00309276 0.0022538 0.00127898 0.0057069 
145 0.918362 0.0171958 0.0601831 0.00105593 0.00169391 0.000319011 0.000426117 0.000145265 0.000195255 0.000423091 
146 0.7266 0.208937 0.0464642 0.0085355 0.00813667 0.000435932 0.000317173 0.000129686 0.000157285 0.000286766 
147 0.707517 0.174312 0.0687082 0.0165801 0.00926371 0.00605994 0.00440359 0.00320905 0.00182107 0.00812572 
148 0.799803 0.0741693 0.0874385 0.0162551 0.00518747 0.00439928 0.00319684 0.00232965 0.00132203 0.00589896 
149 0.671215 0.0799405 0.066856 0.0368383 0.0245672 0.0177736 0.0173916 0.019259 0.00684183 0.0593168 
150 0.955187 0.0170874 0.0187133 0.00619081 7.34605e-05 8.04481e-05 0.00132488 0.00107857 0.000242724 2.12928e-05 
151 0.815403 0.0665695 0.0808272 0.00773133 0.00643375 0.00368953 0.00361024 0.00399788 0.00141711 0.0103204 
152 0.823969 0.109643 0.0268853 0.00851572 0.00754538 0.00306324 0.0132753 0.00135125 0.00181624 0.00393555 
153 0.657401 0.126035 0.0738276 0.03017 0.0241699 0.0153334 0.0130373 0.0101251 0.00581235 0.0440883 
154 0.696356 0.281412 0.0151296 0.00126489 0.00380974 0.000425879 0.000573977 0.000195672 0.000263008 0.000569902 
155 0.651356 0.106785 0.163984 0.0284331 0.0110655 0.00592645 0.00724553 0.00737173 0.00255613 0.0152769 
156 0.583366 0.0871751 0.0642339 0.0256434 0.0420268 0.0443105 0.0346187 0.018972 0.00858917 0.0910645 
157 0.56847 0.147105 0.086633 0.0577235 0.0241217 0.0174765 0.019577 0.0247488 0.0077866 0.0463575 
158 0.372463 0.0346641 0.101017 0.0476687 0.0577911 0.0519172 0.0610923 0.0529745 0.0160187 0.204393 
159 0.630977 0.35731 0.00880991 0.00274613 6.81788e-05 2.03182e-05 2.07728e-05 2.28751e-05 4.51716e-06 2.06617e-05 
160 0.556097 0.284938 0.0457457 0.0198716 0.0169205 0.0122414 0.0119783 0.0132645 0.0047018 0.0342419 
161 0.677369 0.121619 0.0503762 0.0817249 0.0132218 0.0111772 0.0202861 0.00590939 0.00335343 0.0149632 
162 0.892392 0.0428658 0.0378785 0.00492045 0.00224894 0.00155088 0.00114561 0.00046842 0.000569461 0.0159598 
163 0.818479 0.119829 0.0259283 0.00835776 0.00539218 0.00914202 0.00322788 0.00235227 0.00133486 0.00595623 
164 0.757183 0.0649176 0.0816528 0.0297251 0.0137997 0.00846523 0.00825904 0.00914584 0.00324188 0.0236097 
165 0.361813 0.0359773 0.123972 0.0467423 0.0583007 0.0625587 0.0593468 0.051461 0.0152457 0.184582 
166 0.50162 0.0955124 0.0613371 0.178992 0.0646092 0.0191078 0.0176182 0.0121627 0.00702926 0.0420115 
167 0.739191 0.0827181 0.0550269 0.0306207 0.0173418 0.0125657 0.013978 0.00964978 0.00557693 0.0333315 
168 0.610387 0.0677835 0.0676201 0.0590246 0.0582286 0.029265 0.020097 0.0222549 0.00788857 0.0574503 
169 0.731164 0.116967 0.0691113 0.0258435 0.0145178 0.0100821 0.00588445 0.00428821 0.00296143 0.0191799 
170 0.801984 0.117436 0.0356708 0.0148106 0.00791249 0.0029294 0.0124244 0.00138834 0.00171895 0.00372472 
171 0.772913 0.213971 0.00633489 0.00192057 0.00170172 0.000663269 0.000893939 0.000304748 0.000409621 0.000887592 
172 0.632493 0.14963 0.0587271 0.0383597 0.041071 0.0133432 0.0148363 0.0102423 0.00591938 0.0353781 
173 0.92759 0.0362441 0.0179118 0.00727796 0.00271725 0.00172372 0.0014656 0.00113823 0.000623676 0.00330811 
174 0.833613 0.0915277 0.0324383 0.0120853 0.0104865 0.00414249 0.00352217 0.00273542 0.00149883 0.00795013 
175 0.631978 0.181537 0.0972298 0.0448034 0.00849603 0.00720513 0.00523577 0.00381549 0.00216522 0.0175346 
176 0.663293 0.146148 0.12879 0.0226663 0.00952156 0.00371115 0.0050018 0.00170514 0.00229195 0.016871 
177 0.574585 0.10167 0.063361 0.0412793 0.0291103 0.045515 0.025497 0.0140678 0.010236 0.0946787 
178 0.554956 0.0781639 0.0996303 0.098915 0.0581182 0.0430435 0.042527 0.00532071 0.00238587 0.0169398 
179 0.75671 0.0633397 0.0155873 0.120231 0.0274676 0.00963847 0.00622383 0.000181411 0.000220017 0.000401141 
180 0.846559 0.0703658 0.0504167 0.00883504 0.0055333 0.00469257 0.00340996 0.00248496 0.00141016 0.00629222 
181 0.875926 0.0641892 0.0252301 0.00863798 0.0051362 0.0085757 0.00314978 0.00223303 0.00126719 0.0056543 
182 0.910859 0.0408796 0.0389706 0.00244786 0.000762547 0.00169568 0.00399976 8.6969e-05 0.000105437 0.000192237 
183 0.762744 0.125322 0.0641512 0.00980872 0.00616568 0.00524169 0.00950113 0.0033213 0.00673324 0.00701135 
184 0.504741 0.148694 0.0774224 0.0304044 0.03561 0.0326573 0.0298512 0.0235841 0.0106808 0.106354 
185 0.833817 0.0797037 0.0409801 0.0163371 0.00757169 0.00450587 0.00383114 0.00297537 0.00163031 0.00864751 
186 0.836629 0.0891879 0.0581405 0.00763105 0.00295308 0.00114609 0.00154467 0.000526588 0.000707801 0.00153371 
187 0.631933 0.0844652 0.16104 0.0831788 0.00915828 0.00775467 0.00563511 0.0041065 0.00233035 0.0103982 
188 0.608978 0.35253 0.0160813 0.00533957 0.00564587 0.00387611 0.00169283 0.0013147 0.00072037 0.00382099 
189 0.622398 0.241089 0.130933 0.00137763 0.00104007 0.000659818 0.000561014 0.000435699 0.000238735 0.0012663 
190 0.557705 0.107909 0.0926966 0.0813035 0.0293816 0.0197461 0.0219655 0.0151639 0.00876385 0.0653649 
191 0.74909 0.117006 0.0531403 0.0101503 0.00898663 0.00723737 0.0115011 0.0037948 0.0284961 0.0105977 
192 0.705831 0.177655 0.0426915 0.0174258 0.0139602 0.00885636 0.00753017 0.00584813 0.00320441 0.0169968 
193 0.649059 0.115845 0.0940621 0.028944 0.0342316 0.0102596 0.00976344 0.0217971 0.00700044 0.0290386 
194 0.916407 0.041369 0.0244478 0.00641832 0.00263815 0.00223729 0.00162578 0.00118476 0.000672326 0.00299996 
195 0.737149 0.0856418 0.0987225 0.019923 0.0109862 0.00796048 0.0088552 0.00611321 0.00353303 0.0211157 
196 0.635694 0.266822 0.0934191 0.00164113 0.000776697 0.000535612 0.000395649 0.000161774 0.000196201 0.000357718 
197 0.693819 0.128127 0.057442 0.0466505 0.0346188 0.0136008 0.00645576 0.00470454 0.00266972 0.0119125 
198 0.727788 0.157265 0.090745 0.00683698 0.00708618 0.00214616 0.00182359 0.00141625 0.000776015 0.00411614 
199 0.657745 0.328007 0.0126861 0.000661063 0.000288657 0.000199059 0.000147042 6.01228e-05 7.29174e-05 0.000132945 
200 0.775249 0.0615921 0.0595764 0.0714357 0.0278202 0.0020328 0.000816553 0.000333874 0.000404925 0.00073827 
201 0.648304 0.244628 0.0463889 0.0229628 0.00942561 0.00590424 0.00502011 0.00389876 0.00213627 0.0113312 
202 0.398462 0.077789 0.0849503 0.0452547 0.0660124 0.0488196 0.0575151 0.0347024 0.0160745 0.17042 
203 0.487258 0.355392 0.0378308 0.0335237 0.0160524 0.0112027 0.010962 0.012139 0.00430286 0.0313365 
204 0.518583 0.140683 0.137618 0.0603164 0.0568366 0.0241118 0.0135316 0.0151621 0.00475576 0.0284022 
205 0.647765 0.0800379 0.0778563 0.0341639 0.029034 0.0210052 0.0205537 0.0227607 0.00806786 0.0587559 
206 0.740576 0.191235 0.0214889 0.00860809 0.00861752 0.00474927 0.00461411 0.00510954 0.00181115 0.0131901 
207 0.800531 0.126813 0.0294888 0.00935623 0.0185043 0.00321383 0.00433146 0.00147662 0.00198476 0.00430071 
208 0.576749 0.0815793 0.161107 0.0259108 0.0230681 0.0211553 0.0193376 0.0152778 0.00691899 0.0688963 
209 0.498238 0.389082 0.0914474 0.00823829 0.00606967 0.00294147 0.00100058 0.000727579 0.000412885 0.00184232 
210 0.929903 0.0643726 0.00371788 0.000358588 0.000169537 0.00123614 8.68584e-05 3.5184e-05 4.26714e-05 7.77997e-05 
211 0.737613 0.0859392 0.0985861 0.0216925 0.019992 0.00769809 0.00964717 0.00696207 0.00234551 0.0095248 
212 0.580884 0.158509 0.193087 0.0140923 0.0260277 0.0136282 0.00347862 0.00251071 0.00142477 0.00635743 
213 0.522599 0.110853 0.243501 0.0490945 0.0127831 0.0103592 0.0287995 0.00550681 0.00302177 0.0134833 
214 0.714046 0.162099 0.0570407 0.0241947 0.00989903 0.00839496 0.00610039 0.00444557 0.00252276 0.0112567 
215 0.658966 0.118118 0.10304 0.0474845 0.0138463 0.0245519 0.00852496 0.0062124 0.0035254 0.0157306 
216 0.675871 0.120357 0.0914399 0.0361046 0.0244088 0.0108162 0.00919473 0.00714088 0.00391275 0.020754 
217 0.770235 0.207924 0.0128632 0.00246224 0.00151332 0.00128338 0.000932599 0.000679618 0.000385668 0.00172087 
218 0.710881 0.0858793 0.0542768 0.0391822 0.0191712 0.0213913 0.0162858 0.0105191 0.00607936 0.0363343 
219 0.367774 0.0365395 0.104078 0.0491132 0.0595423 0.0538289 0.0777566 0.0545799 0.0161487 0.180639 
220 0.469158 0.0484446 0.106627 0.0495552 0.0497291 0.0431973 0.0430029 0.0322372 0.0125445 0.145504 
221 0.762953 0.19007 0.0216364 0.00683223 0.00429878 0.00364562 0.00264917 0.00193055 0.00109554 0.00488838 
222 0.627013 0.0677212 0.189289 0.0300208 0.0155867 0.0112711 0.0110288 0.012213 0.00432909 0.0315276 
223 0.934892 0.0155045 0.0242656 0.00973663 0.00107506 0.0134775 0.000434667 0.000138868 0.00016842 0.000307068 
224 0.888582 0.0492179 0.0488331 0.00195282 0.00172745 0.0017688 0.00551728 0.00108351 0.000415814 0.000901012 
225 0.85435 0.0709055 0.0413351 0.00992694 0.00734625 0.0032334 0.00234962 0.00171225 0.000982093 0.00785877 
226 0.744807 0.150161 0.0425349 0.0134726 0.0119375 0.00465278 0.00627092 0.00213779 0.00287972 0.0211455 
227 0.679386 0.134302 0.0636821 0.0383683 0.0161044 0.0136575 0.0104633 0.0212239 0.00449924 0.0183132 
228 0.749871 0.0740606 0.0456729 0.0557879 0.0470529 0.00381337 0.0109962 0.000753601 0.0100601 0.00193134 
229 0.740952 0.0985061 0.0825123 0.0267064 0.00980904 0.00887517 0.0145793 0.00440516 0.00249983 0.0111544 
230 0.284611 0.0366449 0.125579 0.126451 0.0815595 0.0441778 0.0293331 0.0593547 0.0142119 0.198076 
231 0.576499 0.326695 0.0266181 0.0210439 0.0153626 0.00565228 0.00628752 0.00434061 0.00250858 0.014993 
232 0.762727 0.207812 0.0072232 0.00834437 0.00302111 0.00356035 0.00211154 0.000883231 0.000600475 0.00371715 
233 0.553838 0.0928465 0.0749456 0.0461303 0.0393075 0.0284377 0.0278266 0.0308144 0.0109672 0.0948866 
234 0.639897 0.116593 0.0589339 0.0380687 0.0233151 0.0169927 0.0408909 0.0129988 0.00749788 0.0448123 
235 0.366213 0.0427498 0.0854617 0.0690244 0.0408537 0.080773 0.046719 0.0789985 0.00691028 0.182297 
236 0.48979 0.0713186 0.0627412 0.0411402 0.0575147 0.0425785 0.0389199 0.0322787 0.025054 0.138665 
237 0.774978 0.145586 0.037498 0.0118772 0.0105238 0.0041018 0.00552831 0.00188463 0.00253318 0.00548906 
238 0.646966 0.129806 0.0760993 0.0310984 0.0249136 0.0158052 0.013444 0.0258155 0.00571885 0.0303328 
239 0.758382 0.116183 0.0710534 0.0216653 0.00759984 0.00644402 0.0046827 0.00341245 0.00193649 0.00864073 
240 0.340179 0.0427084 0.0892321 0.0720696 0.0432491 0.0972645 0.0372612 0.0804817 0.00709519 0.190459 
241 0.696627 0.243559 0.0415584 0.00558565 0.00777851 0.00107104 0.00136857 0.000466553 0.000627107 0.00135885 
242 0.402913 0.0795877 0.0742752 0.057528 0.0586539 0.0649719 0.0458943 0.0362562 0.0164197 0.1635 
243 0.675956 0.114478 0.0803308 0.0273178 0.0309946 0.0182837 0.011804 0.00916735 0.00502312 0.0266437 
244 0.758897 0.194728 0.0261114 0.00546846 0.00343629 0.00291417 0.00211765 0.00154321 0.000875737 0.00390759 
245 0.558814 0.088752 0.0716392 0.0473198 0.0488714 0.0273663 0.026599 0.029455 0.0106945 0.0904892 
246 0.657072 0.131637 0.150183 0.0109923 0.0326483 0.00366749 0.00494296 0.00168508 0.00226496 0.00490786 
247 0.761644 0.132608 0.0505077 0.0140034 0.0215687 0.00423221 0.00552831 0.00188463 0.00253318 0.00548906 
248 0.725789 0.15275 0.0563995 0.0152951 0.0121183 0.00473794 0.0215024 0.00217056 0.002917 0.00632073 
249 0.566316 0.109132 0.0916526 0.0659483 0.0313188 0.0226933 0.0252439 0.0174272 0.0100718 0.0601956 
250 0.584851 0.104503 0.0733344 0.0490455 0.0440339 0.021849 0.024162 0.0166803 0.00966164 0.07188 
251 0.553838 0.0928465 0.0749456 0.0461303 0.0393075 0.0286898 0.0429093 0.0308643 0.0109226 0.0795465 
252 0.680049 0.148688 0.0763228 0.0256038 0.0161044 0.0136575 0.00992452 0.00723235 0.0041042 0.0183132 
253 0.572485 0.121413 0.0765161 0.050385 0.0308582 0.0223596 0.0248727 0.0202443 0.0215561 0.0593104 
254 0.683569 0.145044 0.0615297 0.0255954 0.0161044 0.0136575 0.0101446 0.0179016 0.00814027 0.0183132 
255 0.684671 0.131757 0.0606248 0.025219 0.0158676 0.0134566 0.0106036 0.0349746 0.0047819 0.0180439 
256 0.755133 0.144336 0.040712 0.0156889 0.0229179 0.00445339 0.00600216 0.00204617 0.00275031 0.00595955 
257 0.553838 0.0928465 0.0749456 0.0461303 0.0393075 0.0284377 0.0278729 0.0441443 0.0129311 0.0795465 
258 0.574897 0.110781 0.077779 0.0519118 0.0317933 0.0230371 0.0296989 0.028658 0.0103366 0.0611077 
259 0.699198 0.100309 0.0547513 0.0458321 0.0237096 0.0188753 0.0128132 0.00884563 0.00511219 0.0305538 
260 0.652939 0.122768 0.0856839 0.0293059 0.037962 0.0148889 0.0126594 0.00983164 0.00538712 0.0285744 
261 0.46978 0.0468451 0.114591 0.0468021 0.0469664 0.0408051 0.0544828 0.0304586 0.0118455 0.137423 
262 0.682371 0.261599 0.0188543 0.0104178 0.00597744 0.00470595 0.00300092 0.00332162 0.0011774 0.00857467 
263 0.55644 0.105189 0.139833 0.094333 0.0312845 0.025002 0.0152007 0.00740575 0.00362801 0.0216834 
264 0.751773 0.0820835 0.0620436 0.0270536 0.0207304 0.00839755 0.0152203 0.00551656 0.00342551 0.0237561 
265 0.402391 0.0948002 0.0742134 0.0466554 0.0547438 0.051625 0.0575767 0.038075 0.0164197 0.1635 
266 0.700202 0.196974 0.0575369 0.019478 0.00599497 0.00508361 0.00369413 0.00269204 0.00152767 0.00681657 
267 0.399926 0.0820366 0.0762546 0.0480909 0.0564282 0.0517492 0.0473026 0.0373718 0.016936 0.183904 
268 0.597499 0.288251 0.0569928 0.0128682 0.0150881 0.00611511 0.0051994 0.004038 0.00221257 0.0117359 
269 0.707987 0.0914959 0.0465899 0.0382603 0.0184098 0.0133373 0.0194235 0.0231673 0.00595112 0.0353781 
270 0.490545 0.113431 0.105117 0.165965 0.0221849 0.0255114 0.0172908 0.0119145 0.00688581 0.0411542 
271 0.646966 0.129806 0.0760993 0.0310984 0.0249136 0.0158052 0.0134385 0.0104367 0.00582227 0.0456138 
272 0.781706 0.136803 0.040389 0.0108148 0.00749714 0.00475619 0.00404398 0.00314066 0.00172088 0.00912793 
273 0.634414 0.0891389 0.0787154 0.0426056 0.0248925 0.0340001 0.0270533 0.0137927 0.00793893 0.0474483 
274 0.588997 0.117557 0.067653 0.059354 0.0496462 0.0197817 0.0216839 0.0149695 0.0086514 0.0517065 
275 0.929361 0.0223467 0.0193683 0.00243507 0.0113668 0.00584301 0.000585938 0.000240108 0.00792342 0.000529936 
276 0.646623 0.0949075 0.0583496 0.0502821 0.0243133 0.0281732 0.0192198 0.0132684 0.00781162 0.057051 
277 0.941867 0.0279716 0.00996761 0.00488452 0.00423658 0.00278134 0.00288667 0.00177717 0.000664206 0.00296373 
278 0.841256 0.0791647 0.033911 0.0276023 0.0158989 0.000835853 0.000473802 0.000193729 0.000234956 0.000428379 
279 0.444675 0.050663 0.111548 0.0518424 0.0520243 0.045191 0.0449876 0.0337251 0.0131567 0.152187 
280 0.611975 0.119276 0.0871318 0.0368323 0.0707423 0.0128517 0.0109187 0.00847979 0.00468408 0.0371077 
281 0.56081 0.101958 0.0814374 0.0527397 0.0552058 0.0304944 0.0231691 0.0159948 0.00927087 0.0689198 
282 0.56715 0.0900811 0.0727084 0.0498399 0.0479725 0.0275892 0.026996 0.0298946 0.0105966 0.077172 
283 0.553838 0.0928465 0.0749456 0.0461313 0.0546697 0.0284591 0.0278266 0.0308144 0.0109226 0.0795465 
284 0.646966 0.129806 0.0760993 0.0310984 0.0249136 0.0158052 0.0144704 0.024076 0.00643201 0.0303328 
285 0.692491 0.122812 0.0701781 0.0371289 0.014835 0.0262336 0.00910881 0.00663791 0.00376687 0.016808 
286 0.77442 0.0808559 0.0433507 0.0279219 0.0180386 0.00927308 0.0103131 0.00711966 0.00411469 0.0245921 
287 0.581108 0.103538 0.0829906 0.0492292 0.0302014 0.0311558 0.0283594 0.0280223 0.00938028 0.0560154 
288 0.447296 0.070174 0.0924055 0.0534136 0.0508031 0.054873 0.0404582 0.0319627 0.0144753 0.144138 
289 0.701285 0.113996 0.0811873 0.0381055 0.0162007 0.0102734 0.008735 0.00678383 0.00371711 0.0197163 
290 0.484944 0.0447445 0.097984 0.0590481 0.045697 0.0404144 0.0638267 0.0316203 0.0115228 0.120198 
291 0.563441 0.0990161 0.0686122 0.0425758 0.0497188 0.0260497 0.0390047 0.0287577 0.0099996 0.0728243 
292 0.790424 0.0611997 0.05999 0.0297544 0.012778 0.00846421 0.0111601 0.0052126 0.00301254 0.0180049 
293 0.752754 0.137699 0.0362812 0.0246057 0.0200285 0.0151039 0.0033926 0.00247228 0.00140297 0.00626012 
294 0.856042 0.0674906 0.0460257 0.00791298 0.00803034 0.00371977 0.00270302 0.00196979 0.00111781 0.00498774 
295 0.671908 0.119555 0.0812664 0.0243554 0.0197482 0.0241881 0.0105242 0.0081733 0.00448491 0.0357964 
296 0.595911 0.109967 0.0739735 0.0428272 0.0287981 0.0282695 0.0218093 0.015191 0.0190835 0.0641697 
297 0.560598 0.0914397 0.07381 0.0454313 0.038712 0.0280069 0.027405 0.0303476 0.0110675 0.0931825 
298 0.853832 0.102488 0.0233383 0.00437869 0.0101409 0.00122251 0.00164765 0.000561693 0.000754988 0.00163595 
299 0.695478 0.0822868 0.0646342 0.0316226 0.0429294 0.0133215 0.0130124 0.0144096 0.00510771 0.037198 
300 0.678853 0.136487 0.0836327 0.0236915 0.0147807 0.0125349 0.00960653 0.0198123 0.00379337 0.016808 
301 0.660704 0.13548 0.0543375 0.0225643 0.0183378 0.0451188 0.0111727 0.0167693 0.00938083 0.0261352 
302 0.772431 0.104637 0.0557367 0.0211245 0.0114042 0.00723477 0.00615141 0.00477735 0.00261768 0.0138847 
303 0.890476 0.0660409 0.0190755 0.0152306 0.00405781 0.00416227 0.000375645 0.000131314 0.000159259 0.000290366 
304 0.883314 0.0401366 0.0641339 0.00321013 0.00334818 0.00150304 0.00109186 0.000795677 0.000451529 0.00201475 
305 0.938188 0.0599998 0.00134182 0.00023879 9.98955e-05 3.00895e-05 3.07628e-05 3.38761e-05 6.68954e-06 3.05983e-05 
306 0.732293 0.109592 0.062099 0.0198598 0.0322041 0.00917302 0.0077991 0.00605699 0.00331885 0.0176039 
307 0.918235 0.0494771 0.024388 0.00305265 0.00260896 0.000471923 0.000632758 0.00021571 0.000289942 0.000628265 
308 0.653512 0.122343 0.0774333 0.0288221 0.0356334 0.0142686 0.012132 0.00942201 0.00516267 0.0412715 
309 0.647496 0.227108 0.051574 0.0174258 0.0139602 0.00885636 0.00753017 0.00584813 0.0032044 0.0169968 
310 0.759147 0.141738 0.0401386 0.0127136 0.0112649 0.00439066 0.00612815 0.0158187 0.00278419 0.00587561 
311 0.662541 0.12408 0.0727419 0.0297264 0.0238144 0.0151079 0.0176241 0.0198797 0.00549015 0.0289946 
312 0.545504 0.0816218 0.0810994 0.0799282 0.0446353 0.0246487 0.0245119 0.0396391 0.00947086 0.0689403 
313 0.568752 0.0772536 0.0654449 0.0672365 0.0498465 0.0260491 0.0454151 0.0255653 0.00898698 0.0654497 
314 0.727539 0.150338 0.0385113 0.0141408 0.033552 0.00665165 0.0190929 0.00193557 0.00260165 0.00563741 
315 0.431988 0.0724377 0.0744323 0.060189 0.0511934 0.0454562 0.0550622 0.0328266 0.0154691 0.160945 
316 0.9421 0.0226723 0.0257131 0.00201374 0.000768771 0.000530146 0.000391612 0.000181254 0.00427623 0.00135294 
317 0.814765 0.0613689 0.0767129 0.0119263 0.0143709 0.00372454 0.00836626 0.00313998 0.00102989 0.00459544 
318 0.596215 0.079216 0.0733932 0.0499809 0.0444374 0.0231057 0.022666 0.0374798 0.00887468 0.0646315 
319 0.595684 0.137681 0.0640518 0.0417827 0.026864 0.0294629 0.0206262 0.0142393 0.00822946 0.0613793 
320 0.508045 0.167746 0.204824 0.0301678 0.0161751 0.0116991 0.0114477 0.0126768 0.00449349 0.0327248 
321 0.569667 0.148423 0.0794543 0.0623886 0.0241202 0.0174764 0.0194407 0.013421 0.00780108 0.0578071 
322 0.634606 0.0908982 0.0544196 0.0473848 0.0338728 0.0323082 0.0198792 0.0220103 0.00780188 0.0568189 
323 0.476833 0.0477613 0.107814 0.0605976 0.0490084 0.0425713 0.0423797 0.03177 0.0123578 0.128908 
324 0.737599 0.178849 0.0515352 0.00917094 0.0079981 0.00311737 0.00420151 0.00143232 0.00192522 0.00417168 
325 0.553838 0.0928465 0.0749456 0.0461303 0.0393075 0.0284377 0.03305 0.0409598 0.0109385 0.0795465 
326 0.669164 0.147821 0.0824326 0.0544256 0.0188517 0.00342568 0.00461705 0.00157398 0.00218877 0.0155001 
327 0.275553 0.340799 0.0948916 0.149813 0.040825 0.0174945 0.0156741 0.0108931 0.00493327 0.0491234 
328 0.444675 0.050663 0.111548 0.0518424 0.0520243 0.045191 0.0449876 0.0337251 0.0190046 0.146339 
329 0.509304 0.475762 0.00747939 0.00725678 8.54375e-05 2.55956e-05 2.61683e-05 2.88166e-05 5.69045e-06 2.60284e-05 
330 0.661352 0.282514 0.0473527 0.00448095 0.00419458 2.49812e-05 2.44237e-05 2.68955e-05 5.31108e-06 2.42931e-05 
331 0.409018 0.0807936 0.0750993 0.0473623 0.0555732 0.0509651 0.0465859 0.0368056 0.0166705 0.181127 
332 0.646966 0.129806 0.0760993 0.0310984 0.0249136 0.0160907 0.0282524 0.0107218 0.00571863 0.0303328 
333 0.72321 0.16031 0.0440125 0.0248644 0.0116581 0.018944 0.00608918 0.00207582 0.00279017 0.00604592 
334 0.682771 0.135328 0.0736056 0.0252732 0.0158676 0.0134566 0.00988351 0.020056 0.0057148 0.0180439 
335 0.35889 0.0362584 0.10568 0.0498688 0.0604584 0.0543134 0.0639119 0.0554195 0.0165543 0.198645 
336 0.715239 0.179174 0.0522039 0.0148076 0.0227941 0.00393215 0.00424395 0.00144679 0.00194467 0.00421382 
337 0.74094 0.152436 0.0431794 0.0136768 0.0121183 0.00472328 0.00657403 0.0159005 0.00413006 0.00632073 
338 0.454219 0.119527 0.103056 0.250521 0.0478008 0.00549705 0.00434577 0.00337504 0.00184931 0.00980912 
339 0.546839 0.0989739 0.076751 0.111942 0.0828567 0.0104143 0.0505528 0.00736597 0.00261887 0.0116856 
340 0.891066 0.0343556 0.0186883 0.0152716 0.0135279 0.023987 0.00146991 0.000369225 0.000447799 0.00081644 
341 0.684671 0.131757 0.0606627 0.0399313 0.0305291 0.0134567 0.00977857 0.00712599 0.00404384 0.0180439 
342 0.714896 0.100464 0.0699869 0.0248683 0.0192783 0.0122302 0.0103988 0.00807599 0.0044293 0.0353724 
343 0.652628 0.11807 0.082549 0.0281155 0.0224914 0.0142686 0.0121319 0.00942199 0.00555707 0.0547671 
344 0.51724 0.0594617 0.0823723 0.0743615 0.0382082 0.0350385 0.0320278 0.0253038 0.0114596 0.124526 
345 0.574897 0.110781 0.077779 0.0519118 0.0318507 0.0379291 0.0258285 0.0176913 0.0102244 0.0611077 
346 0.444675 0.050663 0.111548 0.0518424 0.0520243 0.045191 0.0449896 0.0491075 0.0131184 0.136841 
347 0.738969 0.143664 0.0370125 0.0117229 0.0103871 0.00409282 0.0177172 0.0283696 0.00264685 0.00541777 
348 0.30639 0.0431732 0.0995496 0.0803634 0.0617773 0.0522052 0.0349256 0.0855199 0.0168292 0.219266 
349 0.615594 0.100224 0.0703207 0.046934 0.0287446 0.0208281 0.0231691 0.0159948 0.00929198 0.0688985 
350 0.756004 0.161296 0.0352236 0.0134444 0.010733 0.00466863 0.00417302 0.00677742 0.00141941 0.00626012 
351 0.620941 0.36096 0.0153309 0.00116876 0.000512514 0.000353431 0.000261075 0.000106749 0.000129466 0.000236046 
352 0.839949 0.102841 0.0299656 0.00591557 0.0116866 0.00202426 0.00272826 0.000930077 0.00125014 0.00270889 
353 0.55223 0.090075 0.0727084 0.0447532 0.0381342 0.0425142 0.0279005 0.0439154 0.0105966 0.077172 
354 0.574723 0.12413 0.0796555 0.0456824 0.0279798 0.0377138 0.0317751 0.0155683 0.00899745 0.0537748 
355 0.566163 0.395375 0.0174085 0.00847036 0.00451321 0.00169422 0.00228343 0.000778434 0.00104631 0.00226722 
356 0.626591 0.32096 0.0253795 0.00738562 0.00457201 0.00387733 0.00281755 0.00205325 0.00116517 0.00519908 
357 0.786866 0.0890313 0.0907965 0.0202494 0.00728896 0.00265206 0.00111836 0.000379925 0.000510668 0.00110655 
358 0.393866 0.0808123 0.0902321 0.0473623 0.0555732 0.0510274 0.0616751 0.0368057 0.0166685 0.165977 
359 0.674932 0.142812 0.0578982 0.0242531 0.060281 0.00866221 0.006988 0.00542707 0.00297369 0.0157731 
360 0.698164 0.0819688 0.0451769 0.0360712 0.0327054 0.0169949 0.0165938 0.0183756 0.0065135 0.047436 
361 0.553838 0.0928465 0.0749456 0.0461303 0.0393075 0.0284377 0.0278266 0.0308144 0.0111584 0.0946953 
362 0.806855 0.161472 0.0149852 0.004726 0.00418749 0.00163213 0.00219975 0.000749905 0.00100797 0.00218413 
363 0.564896 0.134448 0.0888902 0.0496548 0.030411 0.0220355 0.0245122 0.0169221 0.00977984 0.0584508 
364 0.581242 0.109127 0.0766181 0.051137 0.0313188 0.0226933 0.0252439 0.0174272 0.010084 0.0751087 
365 0.569492 0.0966567 0.0858413 0.0522378 0.0354865 0.025673 0.0251212 0.0278186 0.00986071 0.0718128 
366 0.786684 0.027358 0.175812 0.00817551 0.000165321 8.09258e-05 5.97788e-05 2.44425e-05 3.34041e-05 0.00160715 
367 0.684673 0.131755 0.0606248 0.025219 0.0158775 0.0280858 0.00984539 0.00712599 0.00460612 0.0321875 
368 0.586658 0.0804681 0.0649528 0.0399796 0.034843 0.0501332 0.0259768 0.0385818 0.00946629 0.0689403 
369 0.765404 0.101118 0.047334 0.0296887 0.01079 0.00915051 0.00664943 0.00576322 0.011099 0.0130031 
370 0.65278 0.083765 0.0788231 0.0306021 0.0260716 0.0188619 0.0184566 0.0204383 0.00724468 0.0629563 
371 0.949349 0.038162 0.00581659 0.00438968 0.0010908 0.000387719 0.000286403 0.000117105 0.000142026 0.000258946 
372 0.631559 0.0931838 0.0769815 0.044026 0.0265615 0.0194585 0.0336955 0.0149399 0.00854189 0.051052 
373 0.562741 0.0864305 0.0822785 0.0559354 0.0379932 0.0381116 0.0254752 0.0282104 0.0099996 0.0728243 
374 0.461992 0.0481086 0.105081 0.0497875 0.0625506 0.0425713 0.0424042 0.0440067 0.0145893 0.128908 
375 0.469175 0.048428 0.106627 0.0495552 0.0497291 0.0431973 0.0430029 0.0363508 0.0231317 0.130804 
376 0.574301 0.100812 0.108301 0.0496581 0.0287446 0.0208281 0.0231691 0.0159948 0.0123666 0.065824 
