2 0.686522 0.250087 0.0234302 0.00785582 0.00518515 0.0031429 0.00989932 0.00169072 0.00642028 0.00576701 
3 0.888755 0.108829 0.000748147 0.00155264 3.52174e-05 2.61198e-05 1.25641e-05 1.49686e-05 1.38904e-05 1.22394e-05 
4 0.984206 0.00326876 0.012002 0.000316339 1.12637e-05 0.000180442 5.43286e-06 3.39152e-06 3.14723e-06 2.77314e-06 
5 0.360381 0.0346625 0.106749 0.053371 0.0535158 0.0594593 0.0529715 0.0614847 0.0171284 0.200277 
6 0.991435 0.000912845 0.00689588 0.000740062 5.54339e-06 3.40898e-06 1.63978e-06 1.9536e-06 1.81289e-06 1.5974e-06 
7 0.489935 0.126811 0.0798978 0.0459991 0.0373776 0.0455269 0.0316506 0.025326 0.0105948 0.106882 
8 0.765645 0.230845 0.00157076 0.000593212 0.000391543 0.000236321 0.000210095 0.000126725 9.72498e-05 0.000283671 
9 0.982943 0.00501268 0.011963 3.77006e-05 1.3282e-05 1.00285e-05 4.82388e-06 5.74708e-06 5.33312e-06 4.6992e-06 
10 0.908469 0.0701192 0.0107736 0.00850869 0.000648507 0.000364669 0.000364409 0.000253706 0.00015373 0.00034465 
11 0.978663 0.0160017 0.00185346 0.00191298 0.000484103 0.000268797 0.000238967 0.00014414 0.000110614 0.000322654 
12 0.551284 0.124169 0.0862702 0.0475289 0.0437137 0.0320461 0.0219623 0.0205289 0.00964209 0.0628549 
13 0.986341 0.00787226 0.00549019 2.38674e-06 0.000291722 1.59188e-06 3.0471e-07 3.07887e-07 0 6.15527e-07 
14 0.952455 0.0412661 0.0015392 0.0042481 0.000146389 8.49956e-05 8.4935e-05 5.91329e-05 3.58309e-05 8.03298e-05 
15 0.528082 0.105147 0.0641445 0.0537878 0.0411326 0.0486897 0.0288511 0.0230847 0.00965723 0.097423 
16 0.975092 0.00281585 0.0208396 0.00118571 2.42278e-05 1.40722e-05 6.76896e-06 8.06441e-06 7.48353e-06 6.59401e-06 
17 0.996408 0.000960604 0.00245018 0.000108659 2.17421e-05 1.26244e-05 1.26154e-05 8.78298e-06 5.32195e-06 1.19313e-05 
18 0.93231 0.0288868 0.00503233 0.0136059 0.000322949 0.0194048 0.000102446 0.000122052 0.000113261 9.9798e-05 
19 0.570391 0.091414 0.0839619 0.0672483 0.0318803 0.0208677 0.0203142 0.0198051 0.0181236 0.0759944 
20 0.712366 0.108252 0.0844206 0.0173402 0.0146828 0.010541 0.0100944 0.0124503 0.00905436 0.0207984 
21 0.660773 0.122965 0.0759634 0.0255537 0.0217051 0.0155823 0.0149222 0.0120246 0.00604322 0.0444672 
22 0.953025 0.0448452 0.000819706 0.000744985 0.000516861 1.58665e-05 7.63205e-06 9.09269e-06 8.43775e-06 7.4348e-06 
23 0.484528 0.401915 0.0612635 0.0106217 0.00902199 0.00647697 0.00620261 0.00499816 0.00219149 0.0127797 
24 0.706507 0.113319 0.0715371 0.0241213 0.0187707 0.0127161 0.0100725 0.0197798 0.00479403 0.0183823 
25 0.59249 0.0905348 0.0734415 0.0573727 0.0346148 0.0249136 0.0241863 0.0226077 0.0106185 0.06922 
26 0.527279 0.246129 0.0758063 0.0298035 0.0220386 0.0162659 0.015791 0.0147604 0.00693274 0.0451932 
27 0.681267 0.190015 0.113118 0.00484716 0.00312897 0.00188853 0.00167895 0.00101271 0.00077716 0.00226692 
28 0.00249262 0.997204 6.36936e-06 0.000223064 7.26823e-05 8.06298e-07 1.5479e-07 1.56403e-07 0 3.12681e-07 
29 0.790415 0.201025 0.00343877 0.00453424 0.000177977 0.000133969 6.44417e-05 7.67746e-05 7.12446e-05 6.27762e-05 
30 0.576625 0.0811109 0.0632077 0.0511271 0.0365485 0.0406412 0.0261742 0.0248945 0.0196146 0.080056 
31 0.89128 0.0969164 0.00523804 0.00516372 0.000440544 0.00023673 0.000236561 0.000164697 9.97964e-05 0.000223735 
32 0.984872 0.00288083 0.0120531 0.000162657 1.0199e-05 6.96086e-06 3.3483e-06 3.9891e-06 3.70177e-06 3.26176e-06 
33 0.382674 0.125726 0.387691 0.0124272 0.0254344 0.010214 0.0131008 0.00752214 0.00372953 0.0314803 
34 0.854745 0.0965076 0.0406838 0.00248294 0.00162398 0.000980177 0.000871403 0.000525613 0.000403358 0.00117657 
35 0.991182 0.00325131 0.00503313 0.000198515 9.96661e-05 5.78704e-05 5.78291e-05 4.02614e-05 2.43959e-05 5.46936e-05 
36 0.544195 0.152499 0.283103 0.00285774 0.00649133 0.00234198 0.00396377 0.00118041 0.000492936 0.00287457 
37 0.989354 0.0106287 1.06642e-05 1.70081e-06 2.84957e-06 1.34565e-06 2.58359e-07 2.61052e-07 0 5.21895e-07 
38 0.738294 0.0357359 0.109648 0.0858602 0.00523025 0.0216418 0.00118322 0.00081186 0.000491937 0.00110288 
39 0.769959 0.215478 0.010754 0.00140886 0.000714761 0.000415021 0.000414725 0.000288737 0.000174957 0.000392238 
40 0.566631 0.10025 0.0668634 0.0396068 0.0386474 0.0285243 0.0276915 0.0258842 0.0122866 0.0936154 
41 0.932529 0.0649498 0.00154188 0.000360164 0.00018428 0.000107001 0.000106925 7.44424e-05 4.51075e-05 0.000101127 
42 0.863827 0.0231654 0.0318267 0.0524884 0.0147356 0.0120825 0.000611847 0.000425976 0.000258115 0.000578672 
43 0.657005 0.113791 0.0802725 0.0271262 0.0230408 0.0165412 0.0158405 0.0127645 0.0055969 0.0480218 
44 0.956276 0.0336856 0.00578588 0.00149279 0.000803009 0.000484667 0.000430882 0.000259899 0.000199448 0.000581776 
45 0.523885 0.0763 0.146932 0.0695721 0.0336594 0.0246022 0.023884 0.0223251 0.0104858 0.0683547 
46 0.54632 0.102429 0.0760094 0.0430602 0.0309227 0.0290987 0.0232601 0.0193677 0.0302623 0.0992698 
47 0.990786 0.00160834 0.00717729 0.000391108 1.17491e-05 8.40484e-06 4.04288e-06 4.81661e-06 4.46967e-06 3.93839e-06 
48 0.877964 0.121281 0.000564851 8.78448e-05 3.11197e-05 2.34968e-05 1.13024e-05 1.34654e-05 1.24955e-05 1.10102e-05 
49 0.582872 0.125797 0.191032 0.0478534 0.0151095 0.0091556 0.00686737 0.00462751 0.00345052 0.0132353 
50 0.763185 0.1334 0.0364953 0.0299394 0.0109682 0.00644322 0.00572819 0.00345513 0.00265149 0.0077342 
51 0.555348 0.0911375 0.0862582 0.0420442 0.0410257 0.0302796 0.0293956 0.0274771 0.0129056 0.0841289 
52 0.994138 0.00422282 0.00100055 0.000234956 0.000120216 6.98028e-05 6.9753e-05 4.8563e-05 2.94262e-05 6.5971e-05 
53 0.398832 0.542483 0.0257428 0.00837693 0.00652896 0.00442299 0.00331757 0.00223551 0.00166692 0.00639385 
54 0.506493 0.0864801 0.118722 0.108123 0.0376097 0.0204698 0.0293148 0.0182246 0.00965438 0.0649093 
55 0.685375 0.109469 0.110977 0.0208647 0.0165965 0.0199971 0.0110424 0.00557531 0.00415726 0.0159461 
56 0.585275 0.101163 0.0723749 0.0495845 0.0351988 0.0230809 0.0224687 0.0222094 0.0242673 0.0643775 
57 0.546933 0.0896539 0.0787079 0.0477534 0.0436958 0.0416145 0.0290164 0.0270608 0.01271 0.0828542 
58 0.597431 0.0982294 0.0702462 0.0481261 0.0341636 0.0265909 0.032325 0.0210238 0.0102049 0.0616593 
59 0.652318 0.110409 0.107712 0.0263165 0.022353 0.0160474 0.0153677 0.0123835 0.00542965 0.0316632 
60 0.406604 0.0777894 0.0685806 0.0452339 0.0436985 0.071419 0.0638163 0.0395239 0.0165343 0.1668 
61 0.529635 0.0991453 0.0663912 0.0675457 0.0518779 0.0282058 0.0415118 0.0255842 0.0119837 0.0781197 
62 0.919112 0.0431445 0.0195099 0.00884413 0.000360683 0.000272331 0.000138327 0.00834545 0.000144825 0.000127611 
63 0.657005 0.113791 0.0802725 0.0271262 0.0230408 0.0165412 0.0162522 0.0277374 0.00559672 0.0326374 
64 0.903707 0.0269979 0.062046 0.00496335 0.000680589 0.000395179 0.000394897 0.000274933 0.000166592 0.000373486 
65 0.773227 0.0752571 0.0550345 0.0205905 0.0105609 0.0376912 0.00836618 0.00482381 0.00211504 0.0123339 
66 0.685247 0.310144 0.00202864 0.00242059 5.09232e-05 3.57636e-05 1.72029e-05 2.04953e-05 1.9019e-05 1.67583e-05 
67 0.682977 0.0870193 0.0490108 0.0402106 0.0359724 0.0159281 0.0149791 0.0144406 0.00701005 0.0524522 
68 0.581162 0.096963 0.0944698 0.0467511 0.0331875 0.021762 0.0211848 0.0204231 0.0100305 0.0740661 
69 0.935532 0.0350225 0.0122902 0.00348503 0.00295978 0.00212486 0.00203485 0.00163971 0.000718946 0.00419255 
70 0.388926 0.0754874 0.0780142 0.0579233 0.0418209 0.0717978 0.058147 0.0517673 0.0165687 0.159548 
71 0.790227 0.165176 0.0359456 0.00394946 0.00140023 0.000813032 0.000812452 0.00056564 0.000342743 0.000768401 
72 0.850171 0.0739129 0.0419281 0.00893799 0.0066576 0.00451015 0.00338294 0.00227956 0.00169976 0.00651984 
73 0.987196 0.00314786 0.00921849 0.000303373 4.00232e-05 2.32239e-05 2.32073e-05 1.61572e-05 9.7903e-06 2.1949e-05 
74 0.723088 0.0351353 0.228411 0.0013079 0.0109894 0.000349733 0.000168227 0.000200422 0.000185986 0.000163879 
75 0.62995 0.336904 0.0229775 0.00451821 0.00177931 0.000958729 0.000852335 0.000514112 0.000394532 0.00115082 
76 0.724319 0.239516 0.0135502 0.0073109 0.0033134 0.00237871 0.00227795 0.00183561 0.000804838 0.00469343 
77 0.579633 0.124093 0.0734277 0.0603741 0.058878 0.016935 0.0164771 0.0158847 0.00771035 0.046587 
78 0.990405 0.00714218 0.00199587 0.000168033 8.59727e-05 4.99194e-05 4.98838e-05 3.47298e-05 2.10441e-05 4.71791e-05 
79 0.589605 0.11818 0.0771012 0.0442248 0.0313935 0.0205857 0.0200397 0.0210503 0.0211508 0.056669 
80 0.983503 0.00627465 0.00453104 0.00307674 0.00108082 0.000718638 1.21903e-05 1.45233e-05 0.000125399 0.000662652 
81 0.600861 0.0935747 0.067278 0.048631 0.0442589 0.0214627 0.0209502 0.0277556 0.0161742 0.059054 
82 0.820046 0.125098 0.0330187 0.00763355 0.00377515 0.00255743 0.00191826 0.0012926 0.000963833 0.003697 
83 0.819454 0.10403 0.0536206 0.00700525 0.0046237 0.0027907 0.002481 0.00149649 0.00114842 0.00334985 
84 0.496606 0.0482466 0.103833 0.0437459 0.0500136 0.0377217 0.0381332 0.0295733 0.0147408 0.137386 
85 0.667192 0.12872 0.0714775 0.0241535 0.0205158 0.015188 0.0246557 0.0140536 0.00498338 0.0290607 
86 0.722741 0.11015 0.0585459 0.0240477 0.0187707 0.0127161 0.00953801 0.00642709 0.00482602 0.0322376 
87 0.862439 0.0739817 0.0410488 0.0110583 0.000457002 0.000332244 0.000205746 0.0101445 0.000176687 0.000155685 
88 0.805102 0.0609832 0.0518935 0.0187771 0.0106225 0.00771882 0.014263 0.00592246 0.00258563 0.0221322 
89 0.576675 0.0810615 0.0694656 0.0720105 0.0367858 0.0269613 0.0261742 0.0244659 0.0114913 0.0749093 
90 0.847739 0.14343 0.00307573 0.00254578 0.000495389 0.00209484 0.000201873 0.000140546 8.51623e-05 0.000190926 
91 0.592255 0.0988632 0.0712946 0.0488444 0.0346735 0.0227365 0.0221334 0.0213376 0.0103573 0.0775048 
92 0.741906 0.151491 0.0369883 0.0166639 0.0109988 0.00663847 0.00638419 0.0129775 0.00798328 0.00796857 
93 0.656716 0.110143 0.0904428 0.026266 0.0220243 0.0158114 0.0151417 0.0122014 0.00571156 0.0455416 
94 0.697469 0.120231 0.0638683 0.0262338 0.0204772 0.0138721 0.0111716 0.0213854 0.00523909 0.0200535 
95 0.853415 0.0861823 0.0292339 0.0163695 0.00433335 0.00259254 0.00230484 0.00139023 0.00106687 0.00311199 
96 0.603934 0.0961364 0.0692281 0.0474286 0.0336684 0.0224242 0.0356331 0.0207238 0.010057 0.0607657 
97 0.648684 0.102729 0.0888145 0.0322256 0.0342657 0.0190518 0.0198109 0.0199019 0.0050526 0.0294643 
98 0.715029 0.161296 0.0563557 0.0256403 0.00925682 0.00627701 0.0115469 0.00316955 0.00236337 0.00906526 
99 0.676875 0.107207 0.075619 0.0271518 0.0345429 0.015639 0.0149222 0.0120246 0.00527227 0.0307454 
100 0.657005 0.113791 0.0802725 0.0271262 0.0230408 0.0170581 0.0295958 0.0138769 0.00559672 0.0326374 
101 0.412859 0.0789862 0.0696357 0.0459298 0.0435084 0.057255 0.050154 0.0401319 0.0170179 0.184522 
102 0.676602 0.125766 0.0593719 0.0422539 0.0293294 0.012912 0.0237458 0.0065177 0.00485989 0.0186412 
103 0.586077 0.100361 0.0723749 0.0495845 0.0351988 0.0230816 0.0369388 0.0223417 0.0105141 0.0635278 
104 0.43844 0.0510401 0.0989126 0.0715213 0.0531085 0.0408054 0.0683337 0.0313863 0.0155127 0.13094 
105 0.71361 0.0678145 0.0640277 0.0317729 0.0225546 0.0147897 0.0143974 0.0138798 0.00715552 0.0499975 
106 0.765559 0.118643 0.0313706 0.0267966 0.0221328 0.00562313 0.0178082 0.00301231 0.00231155 0.00674264 
107 0.715878 0.281824 0.00172032 0.00026598 9.42255e-05 7.11444e-05 3.42217e-05 4.07711e-05 3.78344e-05 3.33372e-05 
108 0.837717 0.088669 0.0478015 0.00617875 0.00407821 0.00251465 0.00775308 0.00131994 0.00101293 0.00295464 
109 0.542008 0.106571 0.208872 0.0436411 0.0205655 0.0128012 0.0124616 0.0120136 0.00583136 0.0352339 
110 0.871753 0.0386119 0.0374816 0.0174839 0.00834664 0.00857742 0.00863497 0.00198042 0.00147458 0.0056561 
111 0.502512 0.052357 0.116816 0.0410537 0.0760572 0.040206 0.0316337 0.0245324 0.0121633 0.102669 
112 0.853088 0.0846463 0.019411 0.0235096 0.00563297 0.00339643 0.00301951 0.00182131 0.00139768 0.00407694 
113 0.75858 0.127088 0.0308719 0.0518809 0.00918888 0.00554607 0.0049306 0.00297404 0.00228229 0.00665729 
114 0.691415 0.108699 0.0769731 0.029981 0.0258034 0.0114554 0.0118581 0.0150733 0.00664272 0.0220982 
115 0.697536 0.120164 0.0638683 0.0262338 0.0204772 0.0138721 0.011652 0.020916 0.00522806 0.0200535 
116 0.720573 0.119003 0.0562041 0.0230857 0.0180199 0.0122075 0.00915659 0.0194801 0.00462387 0.017647 
117 0.753091 0.1305 0.0353482 0.0304123 0.0109587 0.0204045 0.00564518 0.00340506 0.00261306 0.00762211 
118 0.809213 0.100454 0.0243871 0.0113526 0.0167808 0.00450528 0.00410173 0.0127871 0.0111588 0.00525926 
119 0.642676 0.111123 0.0890743 0.0259896 0.0367291 0.0158115 0.0151417 0.0122637 0.0199934 0.0311975 
120 0.836204 0.133665 0.0218803 0.00303521 0.00155298 0.000901727 0.000901083 0.000627346 0.000380133 0.000852226 
121 0.934352 0.0336754 0.013345 0.00378393 0.00321384 0.00230725 0.00220951 0.00178046 0.000780658 0.00455243 
122 0.918578 0.0365479 0.0272649 0.00635335 0.0030863 0.00200341 0.00150271 0.00101258 0.000755038 0.00289612 
123 0.592227 0.0988904 0.0712946 0.0488444 0.0346735 0.0227365 0.0221334 0.0213376 0.0103995 0.0774626 
124 0.474299 0.0517905 0.0968143 0.0469127 0.053691 0.0404954 0.0409371 0.0317478 0.0158816 0.14743 
125 0.64127 0.355929 0.00208527 0.000329477 0.00011672 8.81285e-05 4.23913e-05 5.05042e-05 4.68665e-05 4.12957e-05 
126 0.709943 0.0936596 0.0841786 0.0439253 0.0316766 0.00898851 0.00673271 0.00453677 0.00338287 0.0129758 
127 0.741906 0.136394 0.0369342 0.0166639 0.0114506 0.0213324 0.0059075 0.00359578 0.0178308 0.00798519 
128 0.642154 0.11619 0.134508 0.0209645 0.0272617 0.0208105 0.00903263 0.00727802 0.00319111 0.018609 
129 0.690031 0.297921 0.00535669 0.00286551 0.00111338 0.000671993 0.000597419 0.000360351 0.000276536 0.000806635 
130 0.631435 0.106215 0.181162 0.0206502 0.0160892 0.0108995 0.00817544 0.00550894 0.00410777 0.0157563 
131 0.423317 0.448597 0.120558 0.00376727 0.00185397 0.000472141 0.000419738 0.000253178 0.00019429 0.00056673 
132 0.944918 0.0498604 0.00137456 0.000210532 7.53354e-05 0.00159492 0.00187755 3.22759e-05 2.99469e-05 2.63873e-05 
133 0.669194 0.133018 0.0558159 0.0487119 0.034036 0.0221449 0.00903601 0.00608882 0.00454016 0.0174148 
134 0.8472 0.0550126 0.0719786 0.0188116 0.00517442 0.000448823 0.000448503 0.000312254 0.000189207 0.000424185 
135 0.953196 0.0446226 0.00170923 0.000217535 7.70636e-05 5.81864e-05 2.79887e-05 3.33452e-05 3.09433e-05 2.72653e-05 
136 0.613378 0.0951416 0.067278 0.0460926 0.03272 0.0214555 0.0208864 0.0201355 0.00977394 0.0731382 
137 0.657104 0.109098 0.0770528 0.0424205 0.0346192 0.0158155 0.0151417 0.0122014 0.0053498 0.0311975 
138 0.796251 0.11458 0.0337222 0.0109447 0.00718733 0.00598368 0.0220093 0.00232981 0.00178516 0.00520719 
139 0.666959 0.110679 0.0778763 0.0263165 0.022353 0.0160474 0.0153677 0.0123835 0.0058233 0.0461949 
140 0.721316 0.200584 0.0359875 0.0146795 0.0104668 0.00398944 0.00533789 0.0016586 0.00123675 0.00474383 
141 0.715993 0.123236 0.0862259 0.0252423 0.0226327 0.00654077 0.00490526 0.00330536 0.00246466 0.00945377 
142 0.687605 0.167769 0.0765112 0.011494 0.0180677 0.0247037 0.00414644 0.00242216 0.00185878 0.00542192 
143 0.992904 0.00513544 0.00140107 0.000228506 9.84598e-05 5.717e-05 5.71292e-05 3.97741e-05 2.41007e-05 5.40316e-05 
144 0.657235 0.0790214 0.109498 0.038845 0.0322476 0.0167699 0.0100007 0.00747927 0.0111828 0.0377211 
145 0.756017 0.110123 0.0637433 0.0233384 0.0114521 0.00875288 0.0106672 0.00345343 0.00257502 0.00987707 
146 0.662202 0.112066 0.0790563 0.0267152 0.0226917 0.0162906 0.0156005 0.0125711 0.00560221 0.0472041 
147 0.652933 0.133511 0.0752619 0.0251886 0.021395 0.0153597 0.014709 0.0118528 0.00543076 0.0443581 
148 0.729111 0.10375 0.0855901 0.0187623 0.0238944 0.00953709 0.00715351 0.00482032 0.00359429 0.0137867 
149 0.92192 0.0314877 0.0420218 0.00143268 0.000913108 0.000551118 0.000489959 0.000295533 0.000226794 0.000661542 
150 0.732927 0.217408 0.0292201 0.0123575 0.00633541 0.000431262 0.000430953 0.000300035 0.000181803 0.000407586 
151 0.733039 0.133626 0.0593962 0.0401684 0.00904495 0.00606331 0.00454792 0.00306457 0.00228511 0.00876508 
152 0.870692 0.0620524 0.0293114 0.00840502 0.0082529 0.00754546 0.00339479 0.00224636 0.00167501 0.00642489 
153 0.700289 0.0600158 0.0544968 0.0348256 0.0256411 0.0189248 0.0183723 0.0171732 0.00807626 0.0621856 
154 0.964834 0.0292017 0.00559921 0.000168441 5.96251e-05 4.50196e-05 2.16552e-05 2.57996e-05 2.39413e-05 2.10955e-05 
155 0.822134 0.0720522 0.0497514 0.0088404 0.00860216 0.00634896 0.0061636 0.00576132 0.002706 0.0176399 
156 0.837528 0.0961139 0.0230132 0.0103756 0.00684831 0.0042989 0.0129431 0.00221651 0.00170095 0.00496156 
157 0.66642 0.111217 0.0778763 0.0263165 0.022353 0.0160474 0.0153677 0.0123835 0.00577438 0.0462438 
158 0.779429 0.19475 0.0150459 0.00543468 0.00267585 0.000659864 0.000586622 0.000353839 0.000271538 0.000792057 
159 0.765681 0.0868453 0.040742 0.0453453 0.0150051 0.00757882 0.00737779 0.00711253 0.00345239 0.0208599 
160 0.57985 0.0614586 0.0980096 0.0245324 0.0284498 0.0463173 0.0334664 0.0262875 0.00891543 0.0927133 
161 0.57093 0.100357 0.0723749 0.0495845 0.0354537 0.0379689 0.0224774 0.0271435 0.020183 0.0635278 
162 0.373863 0.033164 0.10204 0.0510164 0.0514978 0.0709473 0.0508862 0.0587721 0.0166715 0.191142 
163 0.683605 0.312019 0.00399836 0.000182833 5.89857e-05 4.45368e-05 2.1423e-05 2.55229e-05 2.36845e-05 2.08693e-05 
164 0.5913 0.24942 0.0377823 0.0245522 0.0176601 0.0130343 0.0126537 0.0118279 0.00555537 0.0362144 
165 0.649223 0.134125 0.0574681 0.0767165 0.0318979 0.0124874 0.00928022 0.00625339 0.00466287 0.0178855 
166 0.89228 0.043372 0.0358235 0.00503614 0.00254967 0.00148045 0.00147939 0.00102997 0.000660477 0.0162882 
167 0.835956 0.0627921 0.0401317 0.0233128 0.0176235 0.00495149 0.00371209 0.00250135 0.00186515 0.0071542 
168 0.764244 0.0724073 0.074976 0.0213027 0.012403 0.00898711 0.00872473 0.0081553 0.00383042 0.0249698 
169 0.348921 0.0323306 0.127556 0.0496718 0.0629831 0.0576948 0.0615576 0.0574091 0.0158733 0.186003 
170 0.565018 0.105884 0.0689185 0.0818948 0.0488039 0.0211575 0.0205963 0.0198558 0.00963794 0.0582338 
171 0.748861 0.0709575 0.0472291 0.035898 0.0193652 0.0126945 0.0123578 0.0119135 0.00578276 0.0349403 
172 0.560983 0.0792135 0.0660329 0.0516051 0.0824498 0.0263294 0.0254762 0.0238135 0.0111848 0.0729117 
173 0.744648 0.113126 0.0627323 0.0300052 0.0132388 0.00888893 0.00666735 0.00449272 0.00335002 0.0128498 
174 0.80299 0.116675 0.0303843 0.0121117 0.0131181 0.00391232 0.012406 0.00209779 0.00160983 0.00469577 
175 0.860226 0.120891 0.00924573 0.00294858 0.00194617 0.00117464 0.00104428 0.00062989 0.000483381 0.00140999 
176 0.665603 0.117778 0.0614969 0.0362918 0.0369056 0.0135091 0.0130082 0.0125405 0.00608712 0.0367792 
177 0.911861 0.0553746 0.0123906 0.0056561 0.00318651 0.00228761 0.00219071 0.00176531 0.000774014 0.00451368 
178 0.87179 0.0704316 0.0222026 0.00722625 0.00613791 0.00440646 0.00421981 0.00340039 0.00149093 0.00869439 
179 0.62021 0.191908 0.0875901 0.0593184 0.0113409 0.00726635 0.00545029 0.00367262 0.00273851 0.0105042 
180 0.679596 0.141363 0.124341 0.0130964 0.00864191 0.00521594 0.00463711 0.00279701 0.00214678 0.0181654 
181 0.552274 0.109475 0.0740503 0.0451765 0.034662 0.0370019 0.0286847 0.052407 0.011099 0.0551688 
182 0.579701 0.0660531 0.127884 0.0910382 0.0226778 0.0365782 0.0401621 0.0165405 0.00606484 0.0133006 
183 0.814063 0.0408877 0.0104122 0.02226 0.0802661 0.000908117 0.0253977 0.0049632 0.000286758 0.000554704 
184 0.852806 0.0736379 0.0310001 0.0161012 0.00720923 0.00471938 0.00353988 0.00238531 0.00177862 0.00682231 
185 0.717948 0.149357 0.0462572 0.0169755 0.0132499 0.0130356 0.0222807 0.00453717 0.00338287 0.0129758 
186 0.951599 0.0354102 0.00438793 0.00111722 0.00332929 0.00029873 0.000331628 0.00310437 0.000143709 0.000277352 
187 0.764903 0.107282 0.0707283 0.0212762 0.00841053 0.010886 0.00404981 0.00270614 0.00201785 0.00773993 
188 0.559154 0.102699 0.0705191 0.0295867 0.0274567 0.0361318 0.0316506 0.025326 0.0105948 0.106882 
189 0.833623 0.06009 0.0576314 0.00878674 0.0154138 0.00488513 0.00463799 0.00373736 0.00163868 0.009556 
190 0.82989 0.0995296 0.0534537 0.00767617 0.00274976 0.00165962 0.00147544 0.000889958 0.000682959 0.00199214 
191 0.633622 0.0823887 0.160992 0.0795211 0.0118356 0.00775898 0.0058198 0.00392162 0.00292417 0.0112163 
192 0.601727 0.370394 0.0110228 0.0034237 0.00290806 0.00208772 0.00199929 0.00161106 0.000706382 0.00411928 
193 0.642623 0.205456 0.146324 0.00115098 0.0009625 0.000690988 0.000661718 0.000533223 0.000233796 0.00136339 
194 0.593267 0.0982886 0.0757168 0.0555093 0.0301844 0.032735 0.0192806 0.0185665 0.00901242 0.0674391 
195 0.748042 0.137997 0.0388935 0.012628 0.0082491 0.00706071 0.0249573 0.00278434 0.00206652 0.0173218 
196 0.70628 0.135643 0.083239 0.015205 0.0129108 0.00926877 0.00887615 0.00715254 0.00313609 0.0182882 
197 0.706017 0.0865913 0.066989 0.0318474 0.025583 0.0115468 0.0193186 0.00813426 0.00356982 0.0404029 
198 0.914735 0.0341533 0.0268371 0.00923395 0.00570611 0.0022889 0.00171684 0.00115688 0.00086263 0.00330882 
199 0.750149 0.104165 0.0572691 0.027434 0.0121728 0.00797561 0.00776406 0.00748492 0.00363315 0.021952 
200 0.695763 0.224732 0.073278 0.00281256 0.00101683 0.000590416 0.000589995 0.000410762 0.000248897 0.000558005 
201 0.707813 0.1103 0.0754375 0.0185426 0.0516518 0.0088956 0.00666735 0.00449272 0.00335002 0.0128498 
202 0.782302 0.100279 0.0991995 0.00371714 0.00313973 0.00225404 0.00215856 0.0017394 0.000762655 0.00444744 
203 0.679639 0.319037 0.000986036 0.00015585 5.52112e-05 4.16869e-05 2.00521e-05 2.38897e-05 2.2169e-05 1.95339e-05 
204 0.69194 0.282961 0.0211965 0.00270126 0.000399077 0.00019759 0.000197449 0.000137466 8.32962e-05 0.000186743 
205 0.844613 0.0552468 0.0152269 0.0438977 0.0365468 0.0012031 0.0010658 0.000742022 0.00044962 0.00100801 
206 0.686379 0.20974 0.0481313 0.0155134 0.0087261 0.00625103 0.00598624 0.00482381 0.00211504 0.0123339 
207 0.439088 0.0747686 0.0646617 0.0429677 0.0543652 0.0538805 0.0591336 0.0382764 0.0155895 0.157269 
208 0.530147 0.312906 0.0426902 0.0226452 0.0167853 0.0123011 0.011942 0.0111626 0.00524288 0.0341773 
209 0.551015 0.123937 0.118717 0.0390585 0.062803 0.0245352 0.0165393 0.021797 0.00525955 0.0363388 
210 0.635918 0.0801586 0.0637906 0.0311979 0.0485988 0.0266547 0.0217127 0.0202956 0.00953252 0.0621406 
211 0.742801 0.157584 0.0424863 0.012284 0.0102155 0.00571651 0.0055223 0.00516188 0.00242446 0.0158046 
212 0.796656 0.12839 0.0260749 0.0117919 0.018269 0.00466115 0.0041438 0.00249946 0.0019181 0.00559496 
213 0.532993 0.0924557 0.129355 0.0889763 0.0198038 0.0234061 0.0205032 0.0164061 0.00686331 0.0692377 
214 0.500976 0.149275 0.264791 0.015858 0.0545074 0.00302249 0.00335385 0.0031594 0.00104596 0.00401069 
215 0.663098 0.335856 0.000788505 6.32245e-05 0.000105927 5.00221e-05 9.60399e-06 9.70412e-06 0 1.94005e-05 
216 0.960727 0.0342035 0.00176146 0.00051249 0.00201339 0.000436447 0.000112763 7.85074e-05 4.75707e-05 0.000106649 
217 0.738368 0.106415 0.0951079 0.0100151 0.0140193 0.00605052 0.0114011 0.00466126 0.00204375 0.0119182 
218 0.608811 0.130473 0.212383 0.0114318 0.00775296 0.0144315 0.00361656 0.00241016 0.00179715 0.00689337 
219 0.524146 0.109282 0.234558 0.0321662 0.0290445 0.0172875 0.0231544 0.0118214 0.00383392 0.0147059 
220 0.690911 0.132963 0.0855894 0.0279007 0.0235769 0.0100077 0.00707976 0.00477062 0.00355724 0.0136446 
221 0.665452 0.10438 0.117262 0.034892 0.0173269 0.0245584 0.00880434 0.0059327 0.00442375 0.0169683 
222 0.709062 0.109468 0.0872418 0.0206392 0.0159325 0.0114381 0.0109535 0.00882654 0.00387007 0.0225684 
223 0.805312 0.16994 0.0138303 0.00299716 0.00210513 0.0014261 0.00106968 0.000720795 0.000537464 0.00206157 
224 0.684078 0.0795145 0.050352 0.0538817 0.0246458 0.0158681 0.0154472 0.0148919 0.00730156 0.0540189 
225 0.369534 0.0346756 0.105132 0.0525624 0.0527049 0.0585584 0.052567 0.0753065 0.0168268 0.182133 
226 0.458363 0.0533655 0.0997481 0.0483343 0.055318 0.0417225 0.0421776 0.0327098 0.0162179 0.152043 
227 0.818658 0.0686537 0.0527895 0.0142207 0.0194519 0.00805052 0.00464551 0.00338651 0.00148484 0.0086589 
228 0.789767 0.156379 0.0216272 0.0107547 0.0060445 0.0037833 0.00283775 0.00191219 0.00142584 0.00546912 
229 0.681408 0.0577686 0.13723 0.0339243 0.0166686 0.0120011 0.0116507 0.0108903 0.00511501 0.0333438 
230 0.870121 0.0522102 0.0284763 0.0131755 0.0213418 0.0114103 0.0010658 0.000742022 0.00044962 0.00100801 
231 0.893064 0.0430745 0.014176 0.0338024 0.00256511 0.001736 0.0076154 0.00147053 0.000637107 0.00185839 
232 0.827435 0.0661212 0.0681761 0.0134651 0.00694026 0.00345494 0.00259146 0.00174623 0.00131582 0.00875404 
233 0.760407 0.1313 0.107471 0.000385366 0.000132142 9.97731e-05 4.79926e-05 5.71775e-05 5.3059e-05 4.67522e-05 
234 0.760683 0.134358 0.036383 0.0164151 0.0108346 0.00653939 0.00581369 0.0035067 0.00269662 0.0227694 
235 0.698736 0.121684 0.062915 0.0258423 0.0201716 0.0136651 0.0126915 0.01924 0.00530035 0.0197541 
236 0.779648 0.0653811 0.0510978 0.0343601 0.0382037 0.010682 0.00641842 0.00126096 0.0104069 0.0025407 
237 0.886891 0.0256756 0.0802785 0.000719373 0.00024721 0.000186724 0.00570769 0.000106967 9.92621e-05 8.74634e-05 
238 0.756157 0.0890103 0.0747118 0.0248011 0.0122863 0.00872642 0.0149308 0.00420682 0.00313684 0.0120321 
239 0.311073 0.025073 0.094198 0.121338 0.108295 0.0527578 0.0346483 0.0437163 0.0239323 0.184968 
240 0.586839 0.326436 0.0195907 0.0179344 0.0138804 0.00577617 0.00561718 0.00541522 0.00262853 0.0158819 
241 0.796334 0.180114 0.00773401 0.00398377 0.00303265 0.00210103 0.001274 0.00122819 0.00059616 0.00360209 
242 0.555348 0.0910331 0.0709781 0.0420441 0.0410257 0.0302797 0.0293956 0.0274771 0.0129498 0.0994692 
243 0.684988 0.0850652 0.0530763 0.0363619 0.0258125 0.016926 0.0164908 0.0268963 0.00779613 0.046587 
244 0.357975 0.0320624 0.103809 0.0569303 0.043791 0.066212 0.0482818 0.0628184 0.0181347 0.209985 
245 0.490674 0.0659114 0.0702294 0.0501436 0.0358233 0.0471086 0.0412659 0.0343051 0.0251865 0.139352 
246 0.776383 0.144232 0.0320873 0.0144712 0.00955159 0.00576499 0.00512522 0.00309143 0.00237238 0.00692008 
247 0.657005 0.113791 0.0802725 0.0271262 0.0230408 0.0165419 0.0312244 0.0127645 0.00559672 0.0326374 
248 0.777324 0.0833272 0.0730835 0.0265654 0.0133772 0.00647721 0.00483617 0.00325881 0.00242995 0.00932062 
249 0.303519 0.0302003 0.123342 0.0738421 0.0461177 0.083455 0.0482413 0.053348 0.0176477 0.220287 
250 0.784353 0.0403195 0.0233648 0.137644 0.000550042 0.0129153 0.000199769 0.000238001 0.000220858 0.000194606 
251 0.728494 0.236966 0.0162593 0.00962736 0.00263671 0.00149027 0.00132489 0.000799146 0.000613269 0.00178886 
252 0.415461 0.0766284 0.067557 0.0509185 0.0507677 0.0555535 0.0490026 0.0534976 0.0163035 0.16431 
253 0.67792 0.104322 0.0851472 0.0241553 0.033918 0.015023 0.0141046 0.0113657 0.00498338 0.0290607 
254 0.804006 0.147849 0.0233553 0.00629767 0.00491452 0.00332931 0.00249722 0.00168273 0.00125474 0.00481283 
255 0.574963 0.0870185 0.0678467 0.0401892 0.0392158 0.0289438 0.0280988 0.0262649 0.0123624 0.095097 
256 0.664501 0.136999 0.143786 0.0131102 0.020545 0.00521755 0.00463711 0.00279701 0.00214644 0.00626102 
257 0.775659 0.118693 0.0449769 0.0169997 0.0194239 0.00673806 0.00512522 0.00309143 0.00237238 0.00692008 
258 0.741906 0.136699 0.0500927 0.0183517 0.0114036 0.0213851 0.0059018 0.00355983 0.00273184 0.00796857 
259 0.577333 0.098859 0.08622 0.0488491 0.0495941 0.0227365 0.0221334 0.0213376 0.0103572 0.0625796 
260 0.609609 0.0947468 0.0682392 0.0467511 0.0331875 0.021762 0.0211848 0.0204231 0.00991715 0.0741795 
261 0.555348 0.0910331 0.0709781 0.0420441 0.0410257 0.0302796 0.0294989 0.0427584 0.0129056 0.0841289 
262 0.692966 0.121929 0.0648509 0.0266374 0.0207922 0.0140855 0.0105652 0.00711924 0.00536791 0.0356872 
263 0.583104 0.112423 0.0703794 0.0481261 0.0341636 0.0224021 0.0219096 0.033437 0.0123959 0.0616593 
264 0.702094 0.118326 0.062915 0.0258423 0.0201716 0.0136651 0.0102498 0.00690673 0.00667889 0.0331507 
265 0.691799 0.116556 0.0619898 0.0254622 0.0198749 0.0135633 0.0243695 0.00714134 0.0101653 0.0290785 
266 0.782075 0.131751 0.0348237 0.0157116 0.0103703 0.00625913 0.00556453 0.00335642 0.00257573 0.00751323 
267 0.555348 0.0910331 0.0709781 0.0420441 0.0410257 0.0305534 0.0444987 0.0274849 0.0129056 0.0841289 
268 0.586081 0.100357 0.0723749 0.0495845 0.0351988 0.0272897 0.0333957 0.0216767 0.0105141 0.0635278 
269 0.673282 0.0974185 0.0663104 0.0507676 0.0295525 0.0182117 0.0122557 0.011815 0.00573497 0.0346515 
270 0.662396 0.107525 0.0897808 0.0255537 0.0361978 0.0155823 0.0149222 0.0120246 0.00527227 0.0307454 
271 0.489537 0.048992 0.0914357 0.0443065 0.0507082 0.0382456 0.0386628 0.029984 0.01487 0.153258 
272 0.549789 0.37529 0.0237347 0.0151524 0.00844727 0.00453617 0.00440257 0.00411523 0.00193286 0.0125999 
273 0.603765 0.123987 0.134224 0.0447485 0.033564 0.0173238 0.00806001 0.00776967 0.00377137 0.0227871 
274 0.667243 0.110394 0.0778763 0.0263165 0.022353 0.0160474 0.0153677 0.0123835 0.00543535 0.0465828 
275 0.430059 0.0769556 0.067557 0.0445588 0.0422096 0.0565769 0.0624079 0.0390774 0.0162876 0.16431 
276 0.688436 0.211058 0.0515258 0.018538 0.00969961 0.00508647 0.0038152 0.00257084 0.00191696 0.00735293 
277 0.412859 0.0789862 0.0696357 0.0459298 0.0435084 0.0580568 0.0645847 0.040284 0.0167887 0.169366 
278 0.643468 0.182275 0.11312 0.0173556 0.00947892 0.00680492 0.00651667 0.00525123 0.00230245 0.0134268 
279 0.718543 0.0826601 0.05024 0.0288576 0.0203783 0.0133627 0.0141068 0.0201942 0.00620624 0.0454515 
280 0.518851 0.0954416 0.0900943 0.175046 0.0254377 0.0155443 0.015132 0.0145879 0.00708093 0.042784 
281 0.657005 0.113791 0.0802725 0.0271262 0.0230408 0.0165412 0.0158405 0.0127645 0.00575065 0.0478681 
282 0.791011 0.0896709 0.0761729 0.00890041 0.00741411 0.00532266 0.00509719 0.0041074 0.00180092 0.0105021 
283 0.631503 0.112611 0.0674364 0.0396763 0.0273309 0.0204958 0.0263895 0.0170664 0.0081639 0.0493274 
284 0.577334 0.113784 0.0712946 0.0488444 0.0495988 0.0227365 0.0221334 0.0213376 0.0103572 0.0625796 
285 0.93436 0.0250828 0.0157915 0.0125144 0.00154238 0.000757175 0.00101585 0.00790115 0.000319196 0.00071561 
286 0.677856 0.0756086 0.0542811 0.0371884 0.0265653 0.0285082 0.0168515 0.0162457 0.0080373 0.0588577 
287 0.944803 0.0230961 0.0128482 0.00539705 0.00463231 0.00228221 0.00169147 0.00113978 0.000849883 0.00325992 
288 0.839759 0.0793661 0.044819 0.0192613 0.0142766 0.000619946 0.000619495 0.0004313 0.000261342 0.000585906 
289 0.450036 0.0541808 0.101283 0.0490779 0.0561691 0.0423644 0.0428265 0.0332131 0.0165028 0.154347 
290 0.623142 0.108972 0.0924941 0.022612 0.0702568 0.0140034 0.0132004 0.0106371 0.00468005 0.0400022 
291 0.573557 0.101852 0.0661799 0.0594762 0.0479 0.0316107 0.0321718 0.0203099 0.00950591 0.0574361 
292 0.568608 0.0883285 0.0688593 0.0425278 0.0529871 0.0293764 0.0285182 0.0266569 0.0125203 0.0816176 
293 0.555348 0.0910331 0.0709781 0.0420441 0.0410257 0.0302797 0.0293956 0.0274771 0.0129066 0.0995124 
294 0.996271 0.00303967 0.000512848 8.12909e-05 2.87979e-05 2.17437e-05 1.04591e-05 1.24608e-05 1.15632e-05 1.01888e-05 
295 0.657005 0.113791 0.0802725 0.0271262 0.0231071 0.0255682 0.0221318 0.0127645 0.00559672 0.0326374 
296 0.699375 0.131943 0.0616061 0.0237182 0.0185136 0.0262405 0.00940736 0.00633905 0.00472674 0.0181305 
297 0.795934 0.0778583 0.0292548 0.0236352 0.0164722 0.00928867 0.00904229 0.00871719 0.00423129 0.0255661 
298 0.58303 0.101696 0.0664078 0.0458958 0.0592236 0.0256449 0.0302981 0.0199319 0.00963794 0.0582338 
299 0.437824 0.095264 0.0868622 0.0398059 0.0394639 0.061196 0.0434685 0.034781 0.0145502 0.146784 
300 0.705312 0.110333 0.0871174 0.0187684 0.0242717 0.0107518 0.0102963 0.00829695 0.00363787 0.0212143 
301 0.489605 0.0478824 0.0889648 0.0564577 0.0495022 0.0373029 0.0632036 0.0305239 0.0144645 0.122093 
302 0.578835 0.0833446 0.0649802 0.0514882 0.0386459 0.0277208 0.0269115 0.0251551 0.0129077 0.0900111 
303 0.818194 0.0458118 0.0545681 0.0196308 0.0146602 0.0104456 0.0078473 0.00652794 0.00316864 0.0191454 
304 0.768448 0.107576 0.0595469 0.0201471 0.0130787 0.0143361 0.00522116 0.00252869 0.00188553 0.00723239 
305 0.874724 0.050958 0.0364886 0.0109476 0.010361 0.00405158 0.00303866 0.00204757 0.00152678 0.00585632 
306 0.662202 0.112067 0.0790563 0.0267152 0.0226917 0.0162906 0.0156005 0.0125711 0.00596074 0.0468456 
307 0.645724 0.0830869 0.0600175 0.0529128 0.0292251 0.0190418 0.0187306 0.0291542 0.00969625 0.0524104 
308 0.966697 0.00467595 0.026684 0.000188554 0.0011456 0.000583527 5.83287e-06 6.9464e-06 6.44606e-06 5.67985e-06 
309 0.546933 0.0896538 0.0699026 0.041544 0.0554186 0.0331675 0.0407552 0.0270608 0.01271 0.0828542 
310 0.809166 0.127664 0.0311208 0.00534578 0.0153757 0.00585195 0.00160307 0.000966868 0.00074198 0.0021643 
311 0.685958 0.0744809 0.0766946 0.040881 0.0345974 0.0143663 0.0139468 0.0130366 0.00612308 0.0399152 
312 0.699083 0.122371 0.0714429 0.0237455 0.0185136 0.0125419 0.00948716 0.019637 0.00504765 0.0181305 
313 0.682718 0.131869 0.0562472 0.0278353 0.0258873 0.0120469 0.00903601 0.00608882 0.00491701 0.0433537 
314 0.813688 0.0595463 0.0510149 0.0139498 0.023287 0.00770145 0.00730236 0.00588436 0.00258005 0.0150456 
315 0.907431 0.0435873 0.0202682 0.0166309 0.0012791 0.00475252 0.000513917 0.00491202 0.000192694 0.000432004 
316 0.889147 0.0304993 0.0586221 0.00682603 0.00762175 0.00193654 0.0013031 0.000878084 0.000654748 0.00251144 
317 0.844282 0.132984 0.00592136 0.00092822 0.0151294 0.000249352 0.000118382 0.000141038 0.000130879 0.000115322 
318 0.741413 0.104084 0.050809 0.025279 0.0187751 0.0174545 0.0100027 0.00805529 0.00353191 0.0205964 
319 0.933544 0.0433519 0.01256 0.00502125 0.0012328 0.00222182 0.000606678 0.000364828 0.000279971 0.000816655 
320 0.662574 0.104866 0.0842187 0.0259105 0.0332683 0.014933 0.0143005 0.0115235 0.00505267 0.0433531 
321 0.706604 0.108629 0.0721905 0.0205489 0.0289391 0.0125702 0.0119725 0.00964761 0.00423008 0.0246678 
322 0.774136 0.126819 0.0343332 0.0154903 0.0102242 0.00617097 0.00560667 0.0172346 0.00257802 0.00740741 
323 0.672134 0.108773 0.0767311 0.0259295 0.0220243 0.0158114 0.0151417 0.0122014 0.00542425 0.0458289 
324 0.540768 0.081053 0.0761476 0.0779711 0.0487172 0.0266452 0.0363823 0.0270828 0.011336 0.073897 
325 0.579804 0.0786105 0.0583997 0.0355911 0.0707265 0.0274537 0.0455542 0.0240218 0.0106185 0.0692199 
326 0.73834 0.126429 0.0460658 0.0149129 0.0106207 0.0298222 0.0210919 0.00317501 0.0024365 0.00710711 
327 0.416284 0.0707489 0.0845683 0.0834251 0.0383493 0.0506386 0.0572163 0.0352554 0.0147468 0.148768 
328 0.954526 0.022285 0.0129332 0.00179501 0.000918429 0.000533279 0.000532899 0.000371011 0.000878592 0.00522657 
329 0.827064 0.0752945 0.0531767 0.015083 0.0116532 0.0070532 0.00269272 0.00173315 0.00129233 0.00495703 
330 0.611094 0.07659 0.0701696 0.034161 0.0338124 0.0366231 0.023884 0.0223532 0.0228716 0.0684408 
331 0.611228 0.112551 0.064742 0.0409072 0.029819 0.0307607 0.0185379 0.0178702 0.00869769 0.0648868 
332 0.535735 0.239762 0.103264 0.0195816 0.0185185 0.0136679 0.0132689 0.0124028 0.00582543 0.0379748 
333 0.756833 0.240005 0.00235388 0.000371894 0.000131746 9.94743e-05 4.78489e-05 5.70063e-05 5.29002e-05 4.66122e-05 
334 0.575834 0.125489 0.126862 0.0379552 0.0267026 0.0175097 0.0170452 0.0164324 0.00797622 0.0481935 
335 0.636536 0.0781038 0.0629492 0.0450519 0.0348082 0.0216507 0.0319634 0.0196265 0.00921826 0.0600921 
336 0.47393 0.0521591 0.100365 0.0580676 0.053691 0.0404954 0.0409371 0.0317478 0.0157408 0.132865 
337 0.745927 0.131178 0.0678615 0.0134287 0.00864191 0.00664632 0.015054 0.00285452 0.00214644 0.00626102 
338 0.555348 0.0910331 0.0709781 0.0420441 0.0410257 0.0302797 0.0299221 0.041786 0.0134548 0.0841289 
339 0.691671 0.126403 0.0617736 0.0816933 0.00803269 0.00481472 0.00430112 0.0135233 0.00200821 0.0057794 
340 0.298757 0.373867 0.0811821 0.092399 0.0427787 0.0218582 0.018781 0.0124812 0.00522137 0.0526737 
341 0.748622 0.113638 0.0643767 0.0419121 0.00934032 0.00547674 0.00486896 0.00293686 0.00225377 0.00657407 
342 0.450036 0.0541808 0.101283 0.0490779 0.0561691 0.0423644 0.0428265 0.0332131 0.016606 0.154244 
343 0.581701 0.412503 0.00372907 0.0018209 7.44558e-05 5.62173e-05 2.70415e-05 3.22168e-05 2.98962e-05 2.63426e-05 
344 0.677157 0.234732 0.0736751 0.00187772 0.0122825 0.000164026 2.61564e-05 3.11622e-05 2.89176e-05 2.54803e-05 
345 0.421755 0.0777894 0.0685806 0.0452339 0.0428491 0.0565256 0.0628192 0.0411121 0.0165343 0.1668 
346 0.657005 0.113791 0.0802725 0.0271262 0.0230408 0.0169436 0.0298892 0.0136981 0.00559672 0.0326374 
347 0.653728 0.201689 0.0650469 0.018259 0.0143273 0.00771834 0.007493 0.00700396 0.00328965 0.0214446 
348 0.753094 0.130497 0.0372392 0.0288154 0.0247192 0.00634989 0.00564518 0.00340506 0.00261306 0.00762211 
349 0.690243 0.118112 0.0629766 0.0377414 0.0213148 0.0149802 0.0223128 0.00778117 0.0050743 0.0194636 
350 0.360381 0.0346625 0.106749 0.053371 0.0535158 0.0594593 0.0529715 0.0614847 0.0172315 0.200174 
351 0.752012 0.130686 0.0316588 0.0143941 0.0345532 0.019306 0.00516736 0.00305129 0.00234157 0.00683021 
352 0.757056 0.136395 0.0369342 0.0166639 0.0109988 0.00663847 0.00590177 0.00355983 0.00278359 0.0230683 
353 0.467542 0.0993008 0.115539 0.240723 0.0460954 0.00611437 0.00585019 0.00471418 0.00206697 0.0120536 
354 0.571441 0.0956909 0.0542707 0.145056 0.0874463 0.00973299 0.00654035 0.00440715 0.00375282 0.0216622 
355 0.906193 0.0377937 0.044089 0.00447322 0.00221854 0.00128818 0.00128726 0.000896209 0.000543048 0.00121747 
356 0.691801 0.116606 0.0766442 0.0254904 0.0344595 0.0135572 0.0100991 0.00680516 0.0050743 0.0194636 
357 0.715904 0.0902147 0.0698038 0.0275245 0.018264 0.0131119 0.0125565 0.0101201 0.0166297 0.0258711 
358 0.648661 0.102752 0.0731047 0.04685 0.025581 0.014933 0.0194786 0.0199094 0.0115351 0.0371956 
359 0.621323 0.372609 0.00369262 0.000874011 0.000447193 0.00025966 0.000259474 0.000180649 0.000109463 0.000245406 
360 0.529477 0.0667059 0.0559441 0.0820566 0.0294602 0.0387664 0.0339584 0.0271726 0.0113674 0.125092 
361 0.586081 0.100357 0.0723749 0.0495845 0.0351988 0.023677 0.0369831 0.021702 0.0105141 0.0635278 
362 0.450036 0.0541808 0.101283 0.0490779 0.0561691 0.0423644 0.04283 0.0485941 0.0164674 0.138998 
363 0.765707 0.116991 0.0316579 0.0142914 0.0231786 0.0178577 0.00510592 0.00305129 0.00242707 0.0197317 
364 0.337733 0.029642 0.0805848 0.0747048 0.0718624 0.0499623 0.0414972 0.0665452 0.0283527 0.219116 
365 0.61199 0.0908165 0.0749287 0.0490345 0.0318236 0.0208677 0.0203142 0.0195838 0.00950767 0.0711329 
366 0.785421 0.102856 0.0506335 0.0139143 0.018006 0.00715281 0.00536513 0.00361524 0.00269572 0.0103401 
367 0.650535 0.329834 0.0164653 0.00118115 0.0005911 0.000343218 0.000342973 0.000238782 0.000144687 0.000324377 
368 0.839777 0.117727 0.0175344 0.0076376 0.00504112 0.00304263 0.00270498 0.00163159 0.00125209 0.00365226 
369 0.553695 0.0883157 0.0688593 0.0407891 0.0547264 0.0293758 0.0293544 0.0402692 0.0129972 0.0816176 
370 0.502769 0.48438 0.00551137 0.00175689 0.00115962 0.000771555 0.00214802 0.000375321 0.000288021 0.000840137 
371 0.595447 0.0946232 0.0682392 0.0467511 0.0331875 0.021762 0.0214858 0.0343351 0.00998733 0.0741821 
372 0.579708 0.380319 0.014619 0.0102067 0.00515395 0.00247536 0.00220066 0.0013274 0.00101865 0.00297133 
373 0.628906 0.316436 0.0254132 0.00769797 0.00572667 0.00387949 0.0029099 0.00196081 0.00146209 0.00560817 
374 0.683102 0.0563397 0.124574 0.0174722 0.0276842 0.014054 0.0142027 0.0110145 0.00546109 0.0460962 
375 0.815275 0.0808663 0.0707598 0.0157443 0.0080569 0.00453618 0.00222489 0.000633288 0.000485987 0.00141759 
376 0.406604 0.0777942 0.0837273 0.0452339 0.0428491 0.0564026 0.0645303 0.0395241 0.0165343 0.1668 
