2 0.398611 0.196651 0.168357 0.087303 0.0915744 0.0288336 0.0153793 0.00611713 0.00483998 0.00233352 
3 0.356803 0.19301 0.176691 0.0952725 0.108049 0.0388586 0.016799 0.00668179 0.00528675 0.00254893 
4 0.00428092 0.995686 3.78964e-06 1.16011e-05 1.45624e-05 3.04556e-06 0 0 0 0 
5 0.512171 0.267948 0.142387 0.0451148 0.0163334 0.00990936 0.00239767 0.00174546 0.00116694 0.000826381 
6 0.394628 0.522587 0.0454442 0.0213696 0.00805634 0.00488772 0.00118263 0.000860937 0.000575588 0.000407607 
7 0.148107 0.821506 0.015451 0.00854783 0.00322254 0.00195509 0.000473054 0.000344375 0.000230235 0.000163043 
8 0.552188 0.281466 0.0859148 0.0352864 0.0232858 0.0145176 0.00495152 0.00126836 0.000603169 0.000518248 
9 0.581132 0.217078 0.0998693 0.0572419 0.0230712 0.0143507 0.0048946 0.00125378 0.000596236 0.000512291 
10 0.908159 0.0463076 0.0226665 0.0168864 0.00477216 0.000443304 0.00046257 0.000150187 7.61914e-07 0.000151847 
11 0.257368 0.137121 0.174211 0.183768 0.101579 0.101381 0.0236549 0.00988757 0.00812796 0.00290194 
12 0.972582 0.0210898 0.00344986 0.00164926 0.000919963 0.000113345 0.000118271 3.84001e-05 1.94807e-07 3.88245e-05 
13 0.853801 0.103732 0.0159843 0.0207906 0.00426088 0.000524965 0.00054778 0.000177853 9.02267e-07 0.000179819 
14 0.161028 0.192119 0.258505 0.154856 0.114441 0.0620483 0.0341963 0.0100757 0.00499785 0.00773311 
15 0.738841 0.172507 0.0451381 0.0249031 0.00938849 0.00569593 0.00137819 0.0010033 0.000670764 0.000475006 
16 0.523369 0.248219 0.11751 0.0529263 0.0299185 0.0186345 0.00635568 0.00162804 0.000774216 0.000665214 
17 0.800069 0.199602 4.09923e-05 0.000114354 0.000143544 3.00205e-05 0 0 0 0 
18 0.589975 0.233534 0.0839276 0.0510362 0.0147202 0.00893066 0.00216086 0.00157307 0.00105169 0.0130904 
19 0.508443 0.277706 0.110612 0.0452918 0.0298892 0.0186345 0.00635568 0.00162804 0.000774217 0.000665214 
20 0.241883 0.0625379 0.0894024 0.321336 0.115299 0.0997352 0.018936 0.0209472 0.0195237 0.0104003 
21 0.804727 0.102449 0.0693846 0.0148528 0.00479602 0.00234105 0.00056644 0.000412358 0.000275686 0.000195229 
22 0.366548 0.190086 0.189165 0.093829 0.0985118 0.031018 0.0165444 0.00658055 0.00520665 0.00251031 
23 0.211795 0.0919611 0.254138 0.169273 0.0850967 0.0459606 0.123861 1.2286e-05 0 0.0179022 
24 0.342269 0.148089 0.18342 0.134584 0.0965048 0.0550069 0.0206339 0.0132591 0.00405076 0.0021813 
25 0 0.0649135 0.283543 0.380249 0.00288888 0.268405 0 0 0 0 
26 0.260732 0.73852 0.000536738 0.000135391 2.53202e-05 3.79812e-05 1.25919e-05 0 0 0 
27 0.34437 0.239702 0.126132 0.132245 0.0685127 0.0619627 0.0143692 0.00600647 0.00493754 0.00176286 
28 0.979295 0.0204858 0.000157486 3.97508e-05 7.43401e-06 1.11513e-05 3.69698e-06 0 0 0 
29 0.299509 0.3736 0.121585 0.0886497 0.0539325 0.0362413 0.0136184 0.00875104 0.0026735 0.00143966 
30 0.357503 0.203629 0.164107 0.0882337 0.111899 0.04684 0.0158437 0.00549767 0.00434986 0.00209722 
31 0.629255 0.196616 0.0507566 0.0991925 0.0125038 0.00775474 0.00264491 0.000677508 0.000322189 0.000276828 
32 0.50873 0.255003 0.162507 0.0341437 0.0204345 0.0127399 0.00434521 0.00111305 0.000529311 0.000454789 
33 0.346228 0.140792 0.162824 0.113235 0.0847619 0.0510692 0.0231819 0.0598566 0.0126213 0.00543064 
34 0.989913 0.00983426 0.000181582 4.58332e-05 8.5715e-06 1.28576e-05 4.26267e-06 0 0 0 
35 0.49386 0.23887 0.100636 0.0374768 0.0285744 0.0778114 0.00966761 0.00158189 0.0110371 0.000484449 
36 0.324732 0.622722 0.0245358 0.0135738 0.00517816 0.00733566 0.000751201 0.000546861 0.000365609 0.000258909 
37 0.848112 0.151712 2.02758e-05 6.18592e-05 7.76494e-05 1.62395e-05 0 0 0 0 
38 0.399906 0.209224 0.169377 0.0857622 0.0876982 0.0240845 0.0128463 0.0051096 0.00404281 0.00194918 
39 0.332216 0.132158 0.163591 0.121236 0.115305 0.0997069 0.0184033 0.0118257 0.00361284 0.00194548 
40 0.978792 0.0143978 0.00470017 0.0012248 0.000662223 8.15896e-05 8.51356e-05 2.76418e-05 1.40229e-07 2.79473e-05 
41 0.940571 0.0214115 0.0360307 0.00191218 2.48725e-05 3.73097e-05 1.23693e-05 0 0 0 
42 0.349177 0.231049 0.130826 0.0867276 0.151785 0.0275639 0.0122689 0.00487996 0.00386111 0.00186158 
43 0.989034 0.0106973 0.000192393 4.85621e-05 9.08185e-06 1.36231e-05 4.51647e-06 0 0 0 
44 0.241883 0.0625379 0.0894024 0.321336 0.11556 0.114858 0.018936 0.019213 0.00881268 0.00746105 
45 0.9889 0.00817292 0.00159573 0.000762865 0.000425528 5.24275e-05 5.4706e-05 1.77619e-05 0 1.79582e-05 
46 0.317095 0.085747 0.560184 0.0183617 0.0101104 0.00466878 0.00197758 0.00107056 0.00035333 0.000431868 
47 0.662952 0.184355 0.0735227 0.0303455 0.0200258 0.0124851 0.00425831 0.00109079 0.000518885 0.0104455 
48 0.53967 0.168842 0.138686 0.0652884 0.0395495 0.0231555 0.0175494 0.00418779 0.00138214 0.00168937 
49 0.972353 0.0268774 0.000551845 0.000139291 2.60496e-05 3.90753e-05 1.29547e-05 0 0 0 
50 0.539617 0.287431 0.0879308 0.0486569 0.0183437 0.011129 0.00269277 0.00196029 0.00131057 0.000928089 
51 0.917932 0.0116927 0.0674133 0.00169749 0.000946863 0.000116659 0.000121729 3.95229e-05 2.00504e-07 3.99597e-05 
52 0.531298 0.25198 0.0967674 0.0459781 0.0303683 0.0330781 0.00741599 0.00165271 0.000785947 0.000675293 
53 0.332806 0.165096 0.186242 0.136384 0.0829731 0.0557558 0.0209514 0.0134631 0.00411308 0.00221486 
54 0.925181 0.0746533 1.94995e-05 5.80432e-05 7.28593e-05 1.52377e-05 0 0 0 0 
55 0.613931 0.383054 0.00216297 0.000545933 0.000102098 0.00015315 5.07739e-05 0 0 0 
56 0.524088 0.255856 0.0982561 0.0466854 0.0308089 0.0206496 0.0204941 0.00167814 0.000798038 0.000685682 
57 0.366548 0.190086 0.188106 0.0948877 0.0985118 0.031018 0.0165444 0.00658055 0.00520664 0.00251031 
58 0.257368 0.137121 0.174211 0.183768 0.100966 0.0866114 0.0236525 0.00988757 0.00945662 0.0169577 
59 0.33215 0.150367 0.186242 0.136384 0.0829731 0.0557559 0.0363359 0.0134632 0.00411308 0.00221486 
60 0.979372 0.0146237 0.00327318 0.0015648 0.000872849 0.00010754 0.000112214 3.64335e-05 1.84831e-07 3.68362e-05 
61 0.47243 0.168102 0.106359 0.213151 0.0214124 0.0147168 0.00149598 0.00108905 0.000728094 0.000515605 
62 0.533808 0.173824 0.133126 0.0676885 0.0413749 0.0191061 0.00809286 0.00438107 0.00286461 0.0157332 
63 0.581149 0.0818993 0.262794 0.0631357 0.00718173 0.00237175 0.000573868 0.000417766 0.000279302 0.00019779 
64 0.587055 0.186498 0.0842834 0.0289923 0.0973688 0.0104968 0.00357841 0.000916629 0.000435903 0.000374532 
65 0.376744 0.183125 0.189726 0.0874078 0.100961 0.0333655 0.0153793 0.00611713 0.00483998 0.00233352 
66 0.625881 0.139503 0.10683 0.0543179 0.0332021 0.015332 0.00649427 0.00351567 0.00116043 0.0137638 
67 0.594788 0.127477 0.138672 0.052217 0.0605592 0.0149575 0.00584485 0.00316411 0.00104429 0.00127641 
68 0.973857 0.025712 0.000309339 7.80803e-05 1.46022e-05 2.19038e-05 7.26177e-06 0 0 0 
69 0.924342 0.0738167 0.00134758 0.000316335 5.91594e-05 8.87412e-05 2.94204e-05 0 0 0 
70 0.533808 0.173824 0.133126 0.0676885 0.0413749 0.0191061 0.00809286 0.00438107 0.00152553 0.0170723 
71 0.58812 0.150967 0.1365 0.0592688 0.0353864 0.0163407 0.00692153 0.00374697 0.00123666 0.00151154 
72 0.136602 0.103301 0.036731 0.487216 0.0923359 0.0837189 0.0408735 0.0190799 0.00014176 0 
73 0.401236 0.597254 0.000173462 0.000531009 0.000666554 0.000139402 0 0 0 0 
74 0.11533 0.883979 0.000495766 0.000125131 2.34013e-05 3.51028e-05 1.16376e-05 0 0 0 
75 0.597947 0.389979 0.00659663 0.00313806 0.00175042 0.000215661 0.000225034 7.3064e-05 3.70661e-07 7.38715e-05 
76 0.590327 0.27584 0.0764884 0.0332253 0.0121667 0.00738146 0.00178602 0.00130019 0.000869255 0.000615569 
77 0.0541415 0.945582 3.17961e-05 9.73356e-05 0.000122181 2.55528e-05 0 0 0 0 
78 0.538504 0.227663 0.100878 0.0531092 0.0283266 0.0429876 0.00575452 0.00147404 0.00070098 0.000602288 
79 0.53608 0.194124 0.130233 0.0656679 0.0401398 0.0185358 0.00785128 0.00425029 0.00140277 0.00171458 
80 0.257368 0.137121 0.174211 0.183768 0.100977 0.097143 0.0284943 0.00988757 0.00812796 0.00290194 
81 0.82742 0.128158 0.0229406 0.00942408 0.00621918 0.00387737 0.00132246 0.000338754 0.000161095 0.000138414 
82 0.256856 0.0853323 0.0984505 0.305525 0.108615 0.0939535 0.0178383 0.0180992 0.0083018 0.00702852 
83 0.347444 0.322293 0.13518 0.0720083 0.0756021 0.0238045 0.0126969 0.00505019 0.0039958 0.00192651 
84 0.945222 0.0533876 0.00100173 0.000248881 4.65446e-05 6.98185e-05 2.31469e-05 0 0 0 
85 0.986012 0.00668322 0.00413787 0.00216821 0.000864238 4.94391e-05 5.15877e-05 1.67495e-05 0 1.69346e-05 
86 0.67943 0.144061 0.0848354 0.0431348 0.0263663 0.0121755 0.00515722 0.00279186 0.000921429 0.00112624 
87 0.585931 0.412091 0.00141908 0.000358178 6.69848e-05 0.000100479 3.3312e-05 0 0 0 
88 0.923785 0.0388975 0.0370837 0.000149848 2.80091e-05 4.20146e-05 1.39291e-05 0 0 0 
89 0.539459 0.166366 0.127254 0.0794071 0.0395495 0.0182632 0.00900166 0.017623 0.00138701 0.00168937 
90 0.983052 0.0164445 0.000361451 9.1234e-05 1.70621e-05 2.55938e-05 8.48512e-06 0 0 0 
91 0.539615 0.171191 0.151684 0.0647023 0.0395495 0.0182632 0.00773583 0.00418779 0.00138214 0.00168937 
92 0.387707 0.110306 0.140333 0.146738 0.0970178 0.0834088 0.0183025 0.00765109 0.00628949 0.00224555 
93 0.533808 0.173824 0.133126 0.0676885 0.0413749 0.0191061 0.00809286 0.00494231 0.0162693 0.00176734 
94 0.346909 0.143734 0.178026 0.144973 0.0794123 0.0532961 0.0340544 0.0135476 0.00393162 0.00211714 
95 0.624298 0.216777 0.0641877 0.0351411 0.0137266 0.0286267 0.0141261 0.00150024 0.000946522 0.000670287 
96 0.612111 0.385007 0.00215322 0.000466867 8.73111e-05 0.00013097 4.34204e-05 0 0 0 
97 0.161028 0.19212 0.258468 0.139619 0.114332 0.0620484 0.0341964 0.0100757 0.00548488 0.0226286 
98 0.309796 0.0644337 0.0999558 0.289602 0.101837 0.0900986 0.0161482 0.0152298 0.00698566 0.00591425 
99 0.821985 0.177158 0.000615875 0.000154556 2.89044e-05 4.33576e-05 1.43743e-05 0 0 0 
100 0.561858 0.243048 0.0782944 0.0459897 0.0413941 0.0232795 0.00239767 0.00174546 0.00116694 0.000826381 
101 0.343336 0.2168 0.249398 0.0734722 0.0756507 0.0207826 0.0110296 0.00438703 0.0034711 0.00167354 
102 0.305156 0.152257 0.245866 0.134487 0.0818181 0.0464632 0.0174595 0.0112193 0.00342757 0.00184572 
103 0.562783 0.159395 0.134063 0.0749964 0.0373524 0.0172486 0.00730606 0.00395513 0.00130536 0.00159551 
104 0.527808 0.2504 0.0925601 0.043979 0.034025 0.0409164 0.00733278 0.00158085 0.000751775 0.000645932 
105 0.555424 0.248933 0.102171 0.0410075 0.0270618 0.0168718 0.00575447 0.00147404 0.00070098 0.000602288 
106 0.537028 0.281526 0.0945655 0.0540512 0.0165602 0.010047 0.00243097 0.0017697 0.00118315 0.000837858 
107 0.525721 0.186342 0.131109 0.0666629 0.0558131 0.0189029 0.00797024 0.00431469 0.00142403 0.00174056 
108 0.546412 0.26768 0.105335 0.0390457 0.0270659 0.00893066 0.00216086 0.00157307 0.00105169 0.000744763 
109 0.33215 0.150367 0.186242 0.136384 0.0862287 0.0678704 0.0209657 0.0134631 0.00411308 0.00221486 
110 0.159835 0.24198 0.262726 0.143415 0.0897637 0.0586894 0.0261501 0.00770492 0.00382189 0.00591355 
111 0.894614 0.0372025 0.0143139 0.0473177 0.00552614 0.00037639 0.000392748 0.000127517 6.46908e-07 0.000128927 
112 0.275452 0.138584 0.164598 0.184287 0.103557 0.0934933 0.0216554 0.00868503 0.00713942 0.002549 
113 0.257368 0.137121 0.174211 0.188313 0.109911 0.0885067 0.0236525 0.00988757 0.00812796 0.00290194 
114 0.538434 0.264083 0.100208 0.0619932 0.0177992 0.0107968 0.00261239 0.00190177 0.00127145 0.000900385 
115 0.315441 0.143434 0.220142 0.128225 0.0994525 0.0521261 0.0228449 0.0130618 0.00342757 0.00184572 
116 0.902865 0.0723849 0.0134928 0.00645045 0.00359808 0.000443304 0.00046257 0.000150187 7.61914e-07 0.000151847 
117 0.533808 0.173824 0.133126 0.0676885 0.0413749 0.0191061 0.00809286 0.00444404 0.0167583 0.00177663 
118 0.332211 0.161477 0.198182 0.136576 0.0793125 0.053296 0.0200271 0.0128692 0.00393162 0.00211714 
119 0.883455 0.0602671 0.013126 0.00672371 0.0244641 0.000470895 0.000447649 0.000145342 5.39149e-05 0.0108464 
120 0.486858 0.40282 0.0529528 0.0219896 0.0145119 0.0145304 0.00484842 0.000790426 0.000375888 0.000322966 
121 0.887924 0.0520511 0.0429932 0.0141475 0.00215885 0.000265982 0.000277542 9.01122e-05 4.57148e-07 9.11082e-05 
122 0.548442 0.252849 0.102158 0.0376872 0.0359368 0.0152265 0.00519306 0.00133023 0.000632591 0.000543528 
123 0.550701 0.217561 0.10379 0.0696611 0.0369513 0.011716 0.0049626 0.0026865 0.000886658 0.00108374 
124 0.749691 0.0927978 0.068464 0.0421892 0.0213591 0.0174697 0.00414203 0.00224228 0.000740046 0.000904542 
125 0.428781 0.117769 0.150176 0.138742 0.0795174 0.0493152 0.0201998 0.0105434 0.00322109 0.00173453 
126 0.411299 0.17049 0.228627 0.071374 0.0765487 0.0208897 0.0111422 0.0044318 0.00350652 0.00169061 
127 0.340835 0.183649 0.201773 0.118201 0.07191 0.0483217 0.0181579 0.011668 0.00356467 0.00191954 
128 0.173739 0.189208 0.254551 0.137503 0.112599 0.0762596 0.0336782 0.009923 0.00492213 0.00761594 
129 0.514962 0.181354 0.171278 0.0623538 0.0459932 0.0132117 0.00559613 0.00302946 0.000999849 0.00122209 
130 0.925409 0.0393303 0.0132647 0.00729177 0.0139104 0.000291231 0.000303878 9.8663e-05 5.00528e-07 9.97535e-05 
131 0.60712 0.26116 0.0632345 0.0300451 0.0198275 0.0123615 0.00421614 0.00107999 0.000513589 0.00044128 
132 0.320194 0.147362 0.19252 0.155824 0.0816719 0.0511614 0.0299261 0.0155473 0.0037655 0.00202769 
133 0.599764 0.203807 0.0889951 0.0404644 0.0415099 0.0178534 0.00513049 0.0013142 0.00062497 0.00053698 
134 0.367307 0.360142 0.116267 0.0827746 0.0451569 0.0142166 0.00758286 0.00301608 0.00238638 0.00115056 
135 0.584248 0.278249 0.0676349 0.030652 0.020228 0.0126112 0.00430132 0.00110181 0.000523965 0.000450195 
136 0.518017 0.409919 0.0366381 0.0202737 0.00764319 0.00463707 0.00112199 0.000816786 0.00054607 0.000386704 
137 0.259237 0.0611651 0.0859206 0.3214 0.1119 0.108355 0.0181011 0.0183653 0.00842388 0.00713189 
138 0.529888 0.155998 0.186022 0.0602708 0.0368406 0.0170123 0.00720597 0.00390095 0.00128748 0.00157366 
139 0.356803 0.19301 0.176711 0.110309 0.100355 0.0314952 0.016799 0.00668179 0.00528675 0.00254893 
140 0.56516 0.171038 0.13393 0.0611087 0.0373523 0.0172486 0.00730606 0.00395513 0.00130536 0.00159551 
141 0.36642 0.151908 0.418231 0.0290556 0.0141049 0.00879234 0.00299881 0.000768161 0.000372313 0.00734911 
142 0.241883 0.0625379 0.0894024 0.328989 0.122307 0.100458 0.018936 0.019213 0.00881268 0.00746105 
143 0.238218 0.076722 0.0880672 0.316467 0.114296 0.112629 0.0186517 0.0189218 0.00867915 0.007348 
144 0.355748 0.199221 0.174514 0.102096 0.10838 0.0301066 0.0160578 0.006387 0.00505351 0.00243647 
145 0.298183 0.399362 0.112357 0.082083 0.0499375 0.0335567 0.0126096 0.00810281 0.00247547 0.00133302 
146 0.263756 0.12566 0.189303 0.205765 0.095421 0.0792921 0.0216537 0.009052 0.00744109 0.0026567 
147 0.152661 0.137671 0.040898 0.373882 0.106507 0.120721 0.0419327 0.0255377 0.000189741 0 
148 0.26862 0.135044 0.171572 0.180984 0.0998567 0.0999659 0.0233584 0.00973776 0.00800481 0.00285797 
149 0.554209 0.244079 0.0902055 0.0432142 0.0418157 0.0175847 0.00599761 0.00153632 0.000730599 0.000627737 
150 0.257368 0.137121 0.174233 0.199131 0.100966 0.0866114 0.0236525 0.00988757 0.00812796 0.00290194 
151 0.408624 0.590413 0.000691302 0.000174473 3.26292e-05 4.89449e-05 1.62267e-05 0 0 0 
152 0.152661 0.137671 0.0411484 0.389016 0.102399 0.109709 0.0416688 0.0255377 0.000189741 0 
153 0.175103 0.197006 0.251099 0.13546 0.125835 0.0601961 0.0331755 0.00977489 0.00484866 0.00750227 
154 0.544349 0.261219 0.098033 0.0453583 0.0277254 0.0128031 0.00542305 0.00293577 0.000968926 0.0011843 
155 0.317497 0.143734 0.20581 0.161279 0.0794397 0.053296 0.0200271 0.0128692 0.00393162 0.00211714 
156 0.523509 0.293777 0.0858777 0.0615579 0.0177961 0.0107968 0.00261239 0.00190177 0.00127145 0.000900385 
157 0.539617 0.287431 0.0879306 0.0486569 0.0183437 0.011129 0.00269277 0.00196029 0.00131057 0.000928089 
158 0.335415 0.635491 0.000241809 0.00129216 0.018798 0.00876166 0 0 0 0 
159 0.570439 0.172715 0.128754 0.0602706 0.0368406 0.0170123 0.00720597 0.00390095 0.00128748 0.00157366 
160 0.507214 0.288191 0.0983369 0.0499972 0.030561 0.0141125 0.00597768 0.00323602 0.00106802 0.00130542 
161 0.479227 0.374054 0.0801362 0.0381048 0.0143655 0.00871546 0.00210879 0.00153517 0.00102635 0.000726817 
162 0.524088 0.255856 0.101336 0.0572344 0.0325649 0.0192079 0.00655124 0.00167814 0.000798038 0.000685682 
163 0.526178 0.367767 0.05392 0.0298368 0.0112485 0.00682437 0.00165122 0.00120206 0.000803651 0.000569111 
164 0.557895 0.276669 0.0772416 0.0427436 0.0296206 0.00977655 0.00236527 0.00172187 0.00115118 0.000815214 
165 0.3261 0.146163 0.228127 0.152893 0.0692798 0.0447423 0.0168128 0.0108037 0.00330062 0.00177736 
166 0.201728 0.177967 0.250578 0.127898 0.10467 0.0634923 0.0448261 0.0171858 0.00457563 0.00707961 
167 0.641252 0.1665 0.0949495 0.0632413 0.017567 0.0109519 0.00373536 0.000956832 0.000455022 0.000390959 
168 0.241883 0.0625379 0.0894105 0.336712 0.115299 0.0997352 0.018936 0.019213 0.00881268 0.00746105 
169 0.350611 0.182773 0.220673 0.0925434 0.0942287 0.0296694 0.0158251 0.00629443 0.00498027 0.00240116 
170 0.337135 0.160822 0.182689 0.145239 0.0804963 0.0540914 0.020326 0.0130612 0.0039903 0.00214874 
171 0.241883 0.0625379 0.0894024 0.321336 0.115376 0.115042 0.018936 0.019213 0.00881268 0.00746105 
172 0.342106 0.148252 0.18342 0.134318 0.0817159 0.0604266 0.0302684 0.0132605 0.00405076 0.0021813 
173 0.33215 0.150367 0.186242 0.138046 0.0966293 0.0558222 0.0209514 0.0134631 0.00411308 0.00221486 
174 0.516147 0.25198 0.105986 0.0560669 0.0412125 0.0190419 0.00645198 0.00165271 0.000785947 0.000675293 
175 0.500866 0.245653 0.137166 0.0607389 0.0287216 0.0178359 0.00608329 0.00155827 0.000741036 0.000636705 
176 0.595404 0.24203 0.074892 0.0435554 0.0227566 0.0141876 0.00483898 0.00123953 0.00058946 0.00050647 
177 0.234662 0.0606747 0.100993 0.327187 0.126739 0.0969455 0.0183708 0.0186394 0.00854961 0.00723833 
178 0.524088 0.255856 0.0982562 0.0616336 0.0312452 0.0192079 0.00655124 0.00167814 0.000798038 0.000685682 
179 0.347954 0.173239 0.154181 0.101561 0.115717 0.0458681 0.0287969 0.0264713 0.00419072 0.00202049 
180 0.838215 0.108137 0.0257569 0.0122361 0.00807491 0.00503433 0.00171706 0.000439834 0.000209163 0.000179715 
181 0.949477 0.0328441 0.0096377 0.00460746 0.00257006 0.000316645 0.000330407 0.000107276 5.44224e-07 0.000108462 
182 0.33215 0.16514 0.186854 0.136384 0.0829731 0.0557558 0.0209514 0.0134631 0.00411308 0.00221486 
183 0.33215 0.150367 0.186242 0.136384 0.0864044 0.067709 0.0209515 0.0134631 0.00411308 0.00221486 
184 0.551472 0.18269 0.151775 0.053686 0.0327972 0.0151451 0.00641507 0.0034728 0.00114617 0.00140094 
185 0.867468 0.12961 0.00209668 0.000528872 9.89072e-05 0.000148364 4.91872e-05 0 0 0 
186 0.33215 0.150367 0.186242 0.136384 0.0829731 0.0557558 0.0277058 0.0220852 0.00412124 0.00221486 
187 0.423382 0.16992 0.172762 0.081508 0.0855955 0.0400487 0.0143675 0.00571468 0.00452156 0.00218 
188 0.922695 0.0755793 0.00123888 0.000311961 5.83415e-05 8.75143e-05 2.90136e-05 0 0 0 
189 0.540864 0.171198 0.131109 0.0666629 0.040748 0.0188166 0.00818096 0.0192539 0.00142566 0.00174056 
190 0.356803 0.19301 0.176691 0.0952725 0.100027 0.0315257 0.0321531 0.00668179 0.00528675 0.00254893 
191 0.609408 0.0842279 0.122268 0.0928849 0.0450884 0.0266496 0.0100135 0.00643458 0.00196581 0.00105857 
192 0.597477 0.241032 0.0819766 0.0503755 0.0148535 0.00882175 0.00213451 0.00155389 0.00103887 0.000735681 
193 0.375958 0.187294 0.171416 0.0924285 0.0970415 0.0311987 0.0274698 0.0095917 0.00512893 0.00247284 
194 0.546592 0.267925 0.0874841 0.0621853 0.0180657 0.0109604 0.00265197 0.00193059 0.00129071 0.000914027 
195 0.33215 0.150367 0.186242 0.136384 0.0866013 0.0675095 0.0209541 0.0134631 0.00411308 0.00221486 
196 0.253569 0.142028 0.179638 0.180984 0.101797 0.0952362 0.0261481 0.00973776 0.00800481 0.00285797 
197 0.342154 0.152965 0.192126 0.134924 0.0868608 0.0525894 0.0197368 0.0126827 0.00387464 0.00208646 
198 0.531649 0.186605 0.135961 0.0619687 0.0384438 0.0310093 0.00741027 0.00401084 0.00132374 0.00161798 
199 0.234662 0.0606711 0.0868994 0.325645 0.127875 0.111131 0.0186886 0.0186394 0.00854961 0.00723833 
200 0.772139 0.104559 0.0889077 0.0151745 0.00991374 0.00618075 0.00210807 0.000539994 0.000256795 0.00022064 
201 0.346592 0.184904 0.198131 0.116877 0.0709638 0.0476859 0.0179189 0.0115145 0.00351777 0.00189429 
202 0.5303 0.18157 0.131302 0.0668797 0.0516434 0.0228559 0.00797024 0.00431469 0.00142403 0.00174056 
203 0.540872 0.17119 0.131672 0.0790394 0.0429604 0.0188166 0.00797024 0.00431469 0.00142403 0.00174056 
204 0.336958 0.161007 0.180683 0.132313 0.0804963 0.0690168 0.020326 0.0130612 0.0039903 0.00214874 
205 0.34149 0.204268 0.217784 0.0873795 0.0915744 0.0288336 0.0153793 0.00611713 0.00483998 0.00233352 
206 0.257368 0.139716 0.186365 0.184405 0.100966 0.0866114 0.0236525 0.00988757 0.00812796 0.00290194 
207 0.576082 0.227977 0.0874883 0.0416126 0.0410266 0.0171641 0.0058333 0.00149423 0.000710582 0.000610539 
208 0.42994 0.181795 0.170371 0.0804324 0.0844387 0.0265868 0.0141809 0.00564047 0.00446284 0.00215169 
209 0.148104 0.133561 0.0401252 0.392124 0.099652 0.121046 0.0404284 0.0247754 0.000184077 0 
210 0.162987 0.133604 0.0403988 0.376472 0.105622 0.115533 0.040425 0.0247754 0.000184077 0 
211 0.356803 0.19301 0.176691 0.0952725 0.100027 0.0314952 0.0174678 0.021275 0.00540934 0.00254893 
212 0.351397 0.205237 0.174013 0.10898 0.0985118 0.031018 0.0165444 0.00658055 0.00520664 0.00251031 
213 0.32979 0.146147 0.178646 0.15863 0.0897369 0.0581066 0.0200271 0.0128692 0.00393162 0.00211714 
214 0.356803 0.19301 0.176691 0.0952725 0.101025 0.0437367 0.0189448 0.00668179 0.00528675 0.00254893 
215 0.590227 0.23158 0.0965492 0.0359682 0.0235597 0.0146884 0.00500977 0.00128328 0.000610265 0.000524345 
216 0.573316 0.192973 0.122394 0.052378 0.0320163 0.0147845 0.00626233 0.00339011 0.00111888 0.00136758 
217 0.565923 0.305867 0.0617008 0.0291784 0.0192555 0.0120049 0.00409453 0.00104883 0.000498774 0.000428551 
218 0.55769 0.243637 0.088715 0.0421466 0.0278923 0.0311506 0.00591432 0.00151498 0.000720451 0.000619019 
219 0.403975 0.23336 0.134546 0.0984996 0.059925 0.0402681 0.0151316 0.00972337 0.00297056 0.00159962 
220 0.361371 0.582731 0.0268351 0.0127502 0.00841419 0.00524585 0.0017892 0.000458314 0.000217952 0.000187266 
221 0.530811 0.261887 0.0925625 0.043979 0.0290229 0.0180944 0.00617146 0.00167701 0.0151484 0.000645932 
222 0.609994 0.252897 0.069714 0.0385695 0.0145407 0.00882175 0.00213451 0.00155389 0.00103887 0.000735681 
223 0.530752 0.270549 0.0887409 0.0422611 0.041588 0.0173405 0.00591432 0.00151498 0.000720451 0.000619019 
224 0.342269 0.148107 0.195658 0.137214 0.0817159 0.054911 0.0206339 0.0132591 0.00405076 0.0021813 
225 0.611646 0.371086 0.00941359 0.00450031 0.00251029 0.000309282 0.000322723 0.000104782 5.31568e-07 0.00010594 
226 0.558081 0.237581 0.0912378 0.0433511 0.0428936 0.0178359 0.00608329 0.00155827 0.000741036 0.000636705 
227 0.309359 0.638861 0.0248657 0.0118076 0.00779213 0.00485803 0.00165693 0.000424431 0.000201838 0.000173421 
228 0.539617 0.272047 0.0879306 0.0486569 0.0183437 0.011129 0.00272962 0.017308 0.00131062 0.000928089 
229 0.978341 0.0128416 0.00597178 0.00163073 0.000909627 0.000112071 0.000116942 3.79686e-05 1.92619e-07 3.83883e-05 
230 0.626421 0.198149 0.0741818 0.063917 0.0192558 0.0120049 0.00409453 0.00104883 0.000498774 0.000428551 
231 0.33215 0.150367 0.186242 0.140958 0.0937834 0.0557558 0.0209514 0.0134631 0.00411308 0.00221486 
232 0.524261 0.270884 0.0984392 0.0466854 0.0308089 0.0192079 0.00655124 0.00167814 0.000798038 0.000685682 
233 0.356803 0.19301 0.176874 0.110301 0.100201 0.0314952 0.016799 0.00668179 0.00528675 0.00254893 
234 0.5159 0.272835 0.109109 0.0450617 0.0294497 0.0183605 0.00626222 0.0016041 0.000762831 0.000655431 
235 0.351397 0.190182 0.186844 0.102279 0.107254 0.031202 0.0165444 0.00658055 0.00520665 0.00251031 
236 0.555218 0.232598 0.114208 0.0440527 0.0278136 0.0173405 0.00591431 0.00151498 0.000720451 0.000619019 
237 0.342269 0.148089 0.18342 0.134318 0.0818231 0.0699553 0.0206339 0.0132591 0.00405076 0.0021813 
238 0.330896 0.135264 0.225217 0.160786 0.0704003 0.0447423 0.0168128 0.0108037 0.00330062 0.00177736 
239 0.356803 0.19301 0.176691 0.0952725 0.100027 0.0314952 0.016799 0.00668201 0.0148835 0.00833655 
240 0.382106 0.191653 0.161774 0.0872213 0.103751 0.0350212 0.0251786 0.00612253 0.00483998 0.00233352 
241 0.42571 0.213094 0.148826 0.0783887 0.082301 0.0259137 0.0138219 0.00549767 0.00434986 0.00209722 
242 0.546592 0.267925 0.0865983 0.0479197 0.0180949 0.0260563 0.00267838 0.00193059 0.00129071 0.000914027 
243 0.407579 0.590781 0.00018859 0.000576687 0.000723892 0.000151394 0 0 0 0 
244 0.37064 0.19827 0.16966 0.104723 0.096666 0.0301057 0.0160578 0.006387 0.00505351 0.00243647 
245 0.409773 0.339638 0.217651 0.0144503 0.00953608 0.0059453 0.00202776 0.000519423 0.000247012 0.000212235 
246 0.412834 0.568047 0.0176967 0.000564547 0.000708653 0.000148206 0 0 0 0 
247 0.547724 0.168635 0.129152 0.0656679 0.0401398 0.0185358 0.0110854 0.0159415 0.00140278 0.00171458 
248 0.38717 0.610698 0.000680818 0.000576687 0.000723893 0.000151394 0 0 0 0 
249 0.361303 0.12844 0.195212 0.171708 0.0720608 0.0411832 0.0154755 0.00994436 0.00303807 0.00163598 
250 0.533808 0.173824 0.133126 0.0676885 0.0427219 0.032703 0.00853362 0.00438107 0.00144594 0.00176734 
251 0.541333 0.240188 0.11935 0.0436662 0.0286082 0.0178359 0.00608329 0.00155827 0.000741036 0.000636705 
252 0.279522 0.133042 0.169011 0.178282 0.112877 0.084026 0.0229464 0.00959242 0.00788533 0.00281531 
253 0.6009 0.202671 0.0811673 0.0438598 0.0460782 0.0177175 0.00513049 0.0013142 0.00062497 0.00053698 
254 0.337161 0.145879 0.195606 0.132315 0.0804963 0.0540914 0.0210877 0.0272249 0.00399033 0.00214874 
255 0.56276 0.213172 0.121278 0.0483837 0.0295535 0.0136472 0.00578062 0.00312933 0.00103281 0.00126238 
256 0.163108 0.0928628 0.174995 0.215582 0.215494 0.109971 0.0155128 0.00589626 0.00484695 0.00173051 
257 0.530491 0.230781 0.160126 0.0344836 0.0227566 0.0141876 0.00483898 0.00123953 0.00058946 0.00050647 
258 0.524088 0.255868 0.113629 0.0466854 0.0308089 0.0192079 0.00655124 0.00167814 0.000798038 0.000685682 
259 0.382599 0.242123 0.139835 0.0938999 0.0810344 0.0252457 0.0240295 0.00517043 0.00409094 0.00197238 
260 0.158588 0.189208 0.254551 0.145086 0.135318 0.0611102 0.0336782 0.009923 0.00492213 0.00761594 
261 0.52572 0.17119 0.131109 0.0698442 0.0678696 0.0188166 0.00797024 0.00431469 0.00142403 0.00174056 
262 0.161028 0.192119 0.258467 0.140684 0.128648 0.0620518 0.0341963 0.0100757 0.00499785 0.00773311 
263 0.322871 0.147696 0.189698 0.13747 0.0844064 0.0624438 0.0330008 0.0164535 0.00387464 0.00208646 
264 0.220692 0.118191 0.15074 0.182857 0.123834 0.113687 0.0509191 0.0174084 0.00976095 0.0119104 
265 0.314846 0.125996 0.171636 0.17793 0.0911641 0.0781909 0.0213529 0.00892628 0.00733774 0.0026198 
266 0.238384 0.181052 0.199796 0.168239 0.0924336 0.0792921 0.0216537 0.009052 0.00744109 0.0026567 
267 0.367429 0.178177 0.173501 0.111914 0.111475 0.0288348 0.0153793 0.00611713 0.00483998 0.00233352 
268 0.254508 0.143129 0.16928 0.192681 0.0982927 0.0966909 0.0251248 0.00959242 0.00788533 0.00281531 
269 0.337482 0.160021 0.297893 0.0754009 0.0822749 0.0235309 0.0125509 0.00499214 0.00394987 0.00190437 
270 0.54021 0.182394 0.137771 0.0657307 0.0401398 0.0185358 0.00785128 0.00425029 0.00140277 0.00171458 
271 0.643372 0.179733 0.107953 0.0275653 0.0214304 0.0145957 0.00360874 0.000924397 0.000439597 0.000377706 
272 0.564433 0.249062 0.0885935 0.0596955 0.0217184 0.0101885 0.00246521 0.00179463 0.00119982 0.000849659 
273 0.356374 0.143078 0.182607 0.134381 0.0832396 0.061936 0.0197405 0.0126827 0.00387464 0.00208646 
274 0.356803 0.19301 0.176691 0.0952765 0.115408 0.0314952 0.016799 0.00668179 0.00528675 0.00254893 
275 0.653139 0.199401 0.0677095 0.0397256 0.0206451 0.0128713 0.00439001 0.00112452 0.000534768 0.000459478 
276 0.382656 0.191882 0.178738 0.0910694 0.0956144 0.0301057 0.0160578 0.006387 0.00505351 0.00243647 
277 0.489141 0.251792 0.113813 0.0739474 0.0323886 0.0169784 0.0191614 0.00147404 0.00070098 0.000602288 
278 0.160247 0.206719 0.247078 0.140405 0.117046 0.0598186 0.0468858 0.00963115 0.00477736 0.00739194 
279 0.396097 0.112148 0.159804 0.147932 0.080034 0.0686554 0.0187489 0.00783771 0.00644289 0.00230032 
280 0.629996 0.202511 0.0633896 0.0746023 0.0166292 0.00794927 0.0019234 0.00140021 0.000936121 0.000662921 
281 0.404004 0.170594 0.207526 0.0745977 0.0929729 0.0292733 0.0113041 0.00447749 0.00354267 0.00170804 
282 0.529905 0.17153 0.129202 0.080565 0.0550435 0.0185358 0.00785128 0.00425029 0.00140277 0.00171458 
283 0.562632 0.228347 0.0839216 0.0496838 0.0268767 0.0404449 0.00545937 0.00139845 0.000665032 0.000571402 
284 0.152661 0.137671 0.040898 0.373882 0.102399 0.124941 0.0418212 0.0255377 0.000189741 0 
285 0.167152 0.144882 0.0383932 0.351352 0.119467 0.101885 0.0405118 0.0361777 0.000178504 0 
286 0.140348 0.256682 0.256998 0.136138 0.108013 0.0530676 0.0292468 0.00861734 0.00427448 0.00661384 
287 0.526923 0.252372 0.0933196 0.0449412 0.0555892 0.0178359 0.0060833 0.00155827 0.000741036 0.000636705 
288 0.155437 0.447699 0.193098 0.0762887 0.06245 0.0338919 0.0186786 0.00550351 0.00272992 0.00422397 
289 0.332939 0.615176 0.0249376 0.0126794 0.00775034 0.00357895 0.00151595 0.000820661 0.000270852 0.000331057 
290 0.526287 0.255088 0.0912392 0.0433507 0.0342811 0.0365624 0.0102554 0.00155827 0.000741036 0.000636705 
291 0.593244 0.150052 0.142443 0.0538836 0.0327972 0.0151451 0.00641507 0.0034728 0.00114617 0.00140094 
292 0.438771 0.175273 0.142409 0.0884911 0.0933852 0.0336652 0.0163557 0.00536193 0.00424245 0.00204543 
293 0.537184 0.241024 0.121543 0.0439819 0.0290229 0.0180944 0.00617146 0.00158085 0.000751775 0.000645932 
294 0.866663 0.0462865 0.0263521 0.00757929 0.0518083 0.000480876 0.000501582 0.000162853 8.26172e-07 0.000164653 
295 0.52712 0.251062 0.105392 0.0449713 0.043808 0.0183625 0.00626222 0.0016041 0.000762831 0.000655431 
296 0.493149 0.227246 0.0919184 0.125586 0.0383049 0.015804 0.00539026 0.00138074 0.000656614 0.000564169 
297 0.532797 0.168696 0.144019 0.0656679 0.0401398 0.0185601 0.0227522 0.0042504 0.00140277 0.00171458 
298 0.356803 0.19301 0.176691 0.0952725 0.100027 0.0314999 0.0321788 0.00668179 0.00528675 0.00254893 
299 0.396461 0.140718 0.157229 0.120051 0.099398 0.0517505 0.0176862 0.011365 0.00347208 0.00186969 
300 0.557415 0.223025 0.105527 0.0536555 0.0327972 0.0151451 0.00641507 0.0034728 0.00114617 0.00140094 
301 0.904717 0.0481443 0.0229769 0.0113689 0.00694927 0.00320903 0.00135927 0.000735838 0.000242857 0.000296839 
302 0.60426 0.39317 0.00185542 0.000457403 8.55413e-05 0.000128315 4.25403e-05 0 0 0 
303 0.356803 0.19301 0.176691 0.0952725 0.100027 0.0314952 0.016799 0.00675551 0.0205976 0.00254901 
304 0.580166 0.229119 0.0851559 0.0497596 0.0307349 0.0166468 0.00567774 0.00145438 0.000691633 0.000594258 
305 0.356803 0.19301 0.176691 0.0952747 0.11541 0.0314952 0.016799 0.00668179 0.00528675 0.00254893 
306 0.530378 0.244569 0.0939468 0.0740118 0.02945 0.0183605 0.00626222 0.0016041 0.000762831 0.000655431 
307 0.910565 0.0744748 0.00816027 0.00389624 0.00217334 0.000267767 0.000279405 9.0717e-05 4.60217e-07 9.17196e-05 
308 0.394271 0.171294 0.184832 0.106564 0.0878664 0.0276647 0.0147558 0.00586914 0.00464376 0.00223892 
309 0.360726 0.18772 0.201147 0.0924293 0.0970415 0.030555 0.0162975 0.00648233 0.00512893 0.00247284 
310 0.571774 0.272412 0.0780937 0.0340974 0.0225009 0.0140282 0.00478461 0.0012256 0.000582837 0.000500779 
311 0.533808 0.173824 0.133126 0.0676885 0.0413751 0.0344904 0.00809286 0.00438107 0.00144594 0.00176734 
312 0.385722 0.184655 0.199649 0.0851519 0.0812882 0.0255898 0.0136491 0.00545126 0.0106384 0.00820578 
313 0.361078 0.208432 0.180083 0.0924285 0.0970415 0.030555 0.0162975 0.00648233 0.00512893 0.00247284 
314 0.538283 0.249141 0.109271 0.0453583 0.0298892 0.0186345 0.00635568 0.00162804 0.000774217 0.000665214 
315 0.161028 0.192119 0.258467 0.139618 0.114331 0.063452 0.0480673 0.0101855 0.00499785 0.00773311 
316 0.508107 0.281944 0.11176 0.0435065 0.0282053 0.0175847 0.00599761 0.00153632 0.000730599 0.000627737 
317 0.539408 0.250245 0.0939687 0.0592674 0.0294665 0.0183605 0.00626222 0.0016041 0.000762831 0.000655431 
318 0.337161 0.145879 0.195529 0.132522 0.0943917 0.0549914 0.020326 0.0130612 0.0039903 0.00214874 
319 0.53967 0.166155 0.127253 0.0647691 0.0541885 0.0182632 0.00773582 0.00420252 0.0160733 0.00168937 
320 0.504712 0.314229 0.0808438 0.0510673 0.025352 0.015804 0.00539026 0.00138074 0.000656614 0.000564169 
321 0.500811 0.297833 0.0879004 0.0661085 0.0244217 0.0152258 0.00519306 0.00133023 0.000632591 0.000543528 
322 0.516147 0.254214 0.109685 0.0461101 0.0453615 0.0189169 0.00645198 0.00165271 0.000785947 0.000675293 
323 0.547123 0.185456 0.144382 0.0578947 0.0353864 0.0163407 0.00692153 0.00374697 0.00123665 0.00151154 
324 0.564436 0.249059 0.0804999 0.044545 0.0167935 0.0101885 0.00246521 0.00181184 0.0293516 0.000849684 
325 0.33215 0.150367 0.186242 0.151768 0.0829731 0.0557558 0.0209514 0.0134631 0.00411308 0.00221486 
326 0.551801 0.162429 0.123617 0.0628581 0.0527864 0.0319415 0.00751481 0.00406814 0.00134265 0.0016411 
327 0.491114 0.243532 0.132216 0.0736739 0.0396647 0.0131531 0.00448243 0.0011482 0.000546026 0.000469151 
328 0.778697 0.181036 0.0307088 0.0054768 0.00305497 0.00037639 0.000392748 0.000127517 6.46908e-07 0.000128927 
329 0.249692 0.168374 0.199471 0.169933 0.0924336 0.0792921 0.0216537 0.009052 0.00744109 0.0026567 
330 0.560987 0.151749 0.139855 0.0693279 0.0483241 0.0163407 0.00692153 0.00374697 0.00123666 0.00151154 
331 0.375329 0.187923 0.171416 0.0924798 0.111916 0.030555 0.0162975 0.00648233 0.00512893 0.00247284 
332 0.340549 0.14981 0.183555 0.148672 0.0823782 0.054911 0.0206339 0.0132591 0.00405076 0.0021813 
333 0.52572 0.17119 0.131109 0.069527 0.0525245 0.0319966 0.0104526 0.00431469 0.00142403 0.00174056 
334 0.565455 0.220023 0.11035 0.0399283 0.0264123 0.0295227 0.00560337 0.00143525 0.000682533 0.000586439 
335 0.446569 0.142114 0.170727 0.108025 0.0612869 0.0411832 0.0154755 0.00994436 0.00303807 0.00163598 
336 0.369208 0.199059 0.196446 0.0959915 0.0855752 0.0269367 0.0143675 0.00571468 0.00452156 0.00218 
337 0.569166 0.240407 0.096955 0.0410075 0.0270618 0.0168718 0.00575447 0.00147404 0.00070098 0.000602288 
338 0.326651 0.176807 0.17993 0.123937 0.116556 0.0474496 0.0153793 0.00611713 0.00483998 0.00233352 
339 0.488112 0.307548 0.105526 0.0433507 0.0286082 0.0178359 0.00608329 0.00155827 0.000741036 0.000636705 
340 0.351397 0.190086 0.174013 0.10898 0.112975 0.0317059 0.0165444 0.00658055 0.00520665 0.00251031 
341 0.612833 0.19759 0.0743782 0.0604725 0.0328676 0.0145176 0.00495152 0.00126836 0.000603169 0.000518248 
342 0.545222 0.260045 0.0840513 0.0465103 0.0322697 0.0253144 0.00257397 0.0018738 0.00125275 0.000887144 
343 0.356803 0.19301 0.176691 0.0954283 0.115256 0.0314952 0.016799 0.00668179 0.00528675 0.00254893 
344 0.389718 0.171431 0.229127 0.0774167 0.0812723 0.0255898 0.0136491 0.00542895 0.00429548 0.002071 
345 0.257368 0.137121 0.174211 0.183768 0.103797 0.0991397 0.023678 0.00988757 0.00812796 0.00290194 
346 0.554942 0.224739 0.0998161 0.0427675 0.0520081 0.017196 0.00575447 0.00147404 0.00070098 0.000602288 
347 0.690411 0.18137 0.0787766 0.0265254 0.0135111 0.00601212 0.00132598 0.000965293 0.000645356 0.000457014 
348 0.860213 0.0532937 0.0655313 0.0149533 0.0044976 0.00055413 0.000578213 0.000187734 9.52392e-07 0.000189809 
349 0.489497 0.164913 0.140651 0.0864196 0.0759904 0.0213249 0.0113743 0.00452412 0.00357957 0.00172584 
350 0.256719 0.151981 0.181593 0.190776 0.0953539 0.0815905 0.0222813 0.00931438 0.00765677 0.00273371 
351 0.52572 0.17119 0.1368 0.0783946 0.053606 0.0188392 0.00797024 0.00431469 0.00142403 0.00174056 
352 0.592074 0.231135 0.0987699 0.038805 0.0202281 0.0126112 0.00430132 0.00110181 0.000523965 0.000450195 
353 0.554376 0.166155 0.127253 0.0647022 0.0395495 0.0182632 0.00779696 0.0188323 0.00138239 0.00168937 
354 0.393961 0.176451 0.179205 0.0825899 0.0874628 0.0528825 0.0148666 0.00579088 0.00458185 0.00220907 
355 0.516147 0.25198 0.0967674 0.0459936 0.0461408 0.0334056 0.00645199 0.00165271 0.000785947 0.000675293 
356 0.877939 0.10064 0.0116798 0.00558212 0.00311372 0.000383628 0.000400301 0.00012997 6.59349e-07 0.000131406 
357 0.356803 0.19301 0.176691 0.0952725 0.100824 0.0460836 0.016799 0.00668179 0.00528675 0.00254893 
358 0.253468 0.149062 0.179739 0.188874 0.0996621 0.0852991 0.0232941 0.00973776 0.00800481 0.00285797 
359 0.327118 0.157944 0.203868 0.134318 0.0817159 0.054911 0.0206339 0.0132591 0.00405076 0.0021813 
360 0.356803 0.19301 0.176691 0.0952725 0.100357 0.0465504 0.016799 0.00668179 0.00528675 0.00254893 
361 0.346152 0.187309 0.196284 0.112259 0.0970596 0.030555 0.0162975 0.00648233 0.00512893 0.00247284 
362 0.241883 0.0625379 0.0894024 0.321336 0.1158 0.114248 0.0193065 0.019213 0.00881268 0.00746105 
363 0.268605 0.135058 0.171572 0.180984 0.0994362 0.0852991 0.0234321 0.0247513 0.00800481 0.00285797 
364 0.366543 0.190091 0.174013 0.093829 0.0985118 0.0356272 0.0270062 0.00666105 0.00520665 0.00251031 
365 0.5359 0.234471 0.0902149 0.0565626 0.0289211 0.0450378 0.00599779 0.00153632 0.000730599 0.000627737 
366 0.52951 0.237581 0.0912961 0.0718641 0.0428937 0.017836 0.00608329 0.00155827 0.000741036 0.000636705 
367 0.539617 0.272047 0.0879306 0.0486569 0.0241814 0.0206753 0.0026933 0.00196029 0.00131057 0.000928089 
368 0.534523 0.184017 0.137603 0.0676885 0.0413749 0.0191061 0.00809286 0.00438107 0.00144594 0.00176734 
369 0.624848 0.132689 0.110244 0.0700798 0.0392953 0.0125444 0.0053135 0.00287646 0.000949351 0.00116037 
370 0.537097 0.241111 0.0960424 0.0549433 0.0335608 0.0279897 0.00627712 0.00158085 0.000751775 0.000645932 
371 0.332471 0.184549 0.188783 0.132168 0.0749124 0.0503351 0.0189144 0.0121542 0.0037132 0.00199953 
372 0.524091 0.173437 0.15247 0.0782494 0.0389763 0.0179985 0.00762371 0.00412709 0.00136211 0.00166488 
373 0.495208 0.15633 0.221173 0.0603847 0.0363428 0.0167824 0.00710859 0.00384824 0.00127008 0.00155239 
374 0.414612 0.202335 0.152179 0.0807486 0.0971017 0.026587 0.0141809 0.00564047 0.00446284 0.00215169 
375 0.3615 0.175499 0.156281 0.126342 0.108382 0.0309759 0.0155066 0.0186319 0.00464376 0.00223892 
376 0.531435 0.169999 0.129152 0.0670404 0.0670835 0.0200703 0.00785128 0.00425029 0.00140277 0.00171458 
377 0.516147 0.251985 0.111921 0.0610841 0.0303803 0.0189169 0.00645198 0.00165271 0.000785947 0.000675293 
378 0.159253 0.174358 0.313353 0.142343 0.103216 0.0560158 0.0308717 0.00909608 0.00451195 0.00698128 
379 0.322236 0.16544 0.205215 0.132996 0.0804963 0.0540914 0.020326 0.0130612 0.0039903 0.00214874 
380 0.579563 0.151159 0.137583 0.0682218 0.0344791 0.0159217 0.00674405 0.00365089 0.00120495 0.00147278 
381 0.535314 0.227788 0.113862 0.0578915 0.0353864 0.0163407 0.00692153 0.00374697 0.00123666 0.00151154 
382 0.334981 0.155488 0.194566 0.138213 0.0817159 0.054911 0.0206339 0.0132591 0.00405076 0.0021813 
383 0.60142 0.256265 0.0723605 0.0400341 0.0150929 0.00915675 0.00221557 0.00161289 0.00107832 0.000763618 
384 0.356803 0.19301 0.176691 0.102681 0.108003 0.0314953 0.016799 0.00668179 0.00528675 0.00254893 
385 0.33215 0.150367 0.186242 0.136384 0.0830369 0.0710766 0.0209514 0.0134631 0.00411308 0.00221486 
386 0.241883 0.0625379 0.0894024 0.321336 0.122191 0.108228 0.0189363 0.019213 0.00881268 0.00746105 
387 0.532759 0.180311 0.147368 0.0656679 0.0401398 0.0185358 0.00785128 0.00425029 0.00140277 0.00171458 
388 0.359888 0.179278 0.218246 0.0913805 0.0928826 0.0292455 0.015599 0.00620451 0.00490912 0.00236686 
